time,open,high,low,close,volume,value,foreign_buy_vol,foreign_sell_vol,foreign_buy_val,foreign_sell_val,foreign_room
2018-01-25 00:00:00,11.964,11.964,11.964,11.964,19990,239160.36,,,,,
2018-01-26 00:00:00,12.783,12.783,12.783,12.783,20000,255660.0,,,,,
2018-01-29 00:00:00,13.673,13.673,13.673,13.673,13450,183901.85,,,,,
2018-01-30 00:00:00,14.6,14.6,14.6,14.6,86250,1259250.0,,,,,
2018-01-31 00:00:00,15.596,15.596,15.561,15.561,136540,2124698.94,,,,,
2018-02-01 00:00:00,15.952,16.629,15.881,16.629,123440,2052683.76,,,,,
2018-02-02 00:00:00,16.664,16.664,15.81,15.81,73850,1167568.5,,,,,
2018-02-05 00:00:00,15.668,16.024,15.668,15.774,28620,451451.88,,,,,
2018-02-06 00:00:00,14.955,14.955,14.671,14.884,83520,1243111.68,,,,,
2018-02-07 00:00:00,14.955,15.062,14.955,15.062,79040,1190500.48,,,,,
2018-02-08 00:00:00,15.062,15.062,14.955,14.955,63460,949044.3,,,,,
2018-02-09 00:00:00,14.6,14.6,14.243,14.279,73810,1053932.99,,,,,
2018-02-12 00:00:00,14.671,14.671,14.279,14.671,24270,356065.17,,,,,
2018-02-13 00:00:00,14.635,14.812,14.635,14.812,28340,419772.08,,,,,
2018-02-21 00:00:00,14.812,15.026,14.812,15.026,39660,595931.16,,,,,
2018-02-22 00:00:00,14.991,15.026,14.955,14.955,41630,622576.65,,,,,
2018-02-23 00:00:00,14.955,15.169,14.955,15.098,68710,1037383.58,,,,,
2018-02-26 00:00:00,15.062,15.098,15.026,15.098,47520,717456.9600000001,,,,,
2018-02-27 00:00:00,15.098,15.098,14.92,14.955,70750,1058066.25,,,,,
2018-02-28 00:00:00,14.955,15.026,14.92,15.026,83490,1254520.74,,,,,
2018-03-01 00:00:00,15.026,15.062,15.026,15.062,53560,806720.72,,,,,
2018-03-02 00:00:00,15.062,15.098,15.026,15.062,105890,1594915.18,,,,,
2018-03-05 00:00:00,15.062,15.205,15.062,15.205,172830,2627880.15,,,,,
2018-03-06 00:00:00,15.24,15.419,15.24,15.419,203320,3134991.08,,,,,
2018-03-07 00:00:00,15.347,15.454,15.311,15.454,199540,3083691.16,,,,,
2018-03-08 00:00:00,15.454,15.596,15.419,15.596,175070,2730391.72,,,,,
2018-03-09 00:00:00,15.596,15.81,15.561,15.81,193630,3061290.3000000003,,,,,
2018-03-12 00:00:00,15.81,15.881,15.81,15.881,184830,2935285.23,,,,,
2018-03-13 00:00:00,15.881,15.917,15.774,15.917,154270,2455515.59,,,,,
2018-03-14 00:00:00,15.881,16.166,15.881,16.131,170190,2745334.89,,,,,
2018-03-15 00:00:00,16.059,16.131,15.988,16.131,161460,2604511.26,,,,,
2018-03-16 00:00:00,16.201,16.664,16.201,16.593,180140,2989063.02,,,,,
2018-03-19 00:00:00,16.558,16.701,16.558,16.664,162550,2708733.2,,,,,
2018-03-20 00:00:00,16.664,16.735,16.521,16.735,180510,3020834.85,,,,,
2018-03-21 00:00:00,16.735,16.807,16.701,16.807,189290,3181397.03,,,,,
2018-03-22 00:00:00,16.842,16.914,16.771,16.842,175860,2961834.12,,,,,
2018-03-23 00:00:00,16.807,16.878,16.558,16.878,165930,2800566.54,,,,,
2018-03-26 01:00:00,16.842,17.234,16.842,17.234,214990,3705137.66,,,,,
2018-03-27 01:00:00,17.234,17.341,17.234,17.341,131590,2281902.19,,,,,
2018-03-28 01:00:00,17.341,17.483,17.341,17.412,192280,3347979.36,,,,,
2018-03-29 01:00:00,17.377,17.661,17.377,17.52,149290,2615560.8,,,,,
2018-03-30 01:00:00,17.52,17.804,17.483,17.804,144800,2578019.2,,,,,
2018-04-02 01:00:00,17.84,17.982,17.84,17.982,224190,4031384.58,,,,,
2018-04-03 01:00:00,17.982,18.231,17.947,18.231,300040,5470029.24,,,,,
2018-04-04 01:00:00,18.302,18.837,18.231,18.837,194850,3670389.45,,,,,
2018-04-05 01:00:00,18.837,19.513,18.837,19.478,480980,9368528.44,,,,,
2018-04-06 01:00:00,19.478,20.154,19.478,20.011,278070,5564458.77,,,,,
2018-04-09 01:00:00,20.082,20.154,19.442,19.513,299700,5848046.100000001,,,,,
2018-04-10 01:00:00,19.406,19.406,18.516,18.73,438110,8205800.3,,,,,
2018-04-11 01:00:00,18.516,18.587,17.804,17.804,270010,4807258.04,,,,,
2018-04-12 01:00:00,17.697,18.124,17.412,18.124,217610,3943963.64,,,,,
2018-04-13 01:00:00,18.161,18.516,18.161,18.445,218050,4021932.25,,,,,
2018-04-16 01:00:00,18.41,18.8,18.41,18.8,100720,1893536.0,,,,,
2018-04-17 01:00:00,18.8,18.837,18.552,18.766,114930,2156776.38,,,,,
2018-04-18 01:00:00,18.766,18.766,18.302,18.516,178960,3313623.36,,,,,
2018-04-19 01:00:00,18.445,18.445,17.804,17.804,223510,3979372.04,,,,,
2018-04-20 01:00:00,17.768,17.875,17.483,17.875,81610,1458778.75,,,,,
2018-04-23 01:00:00,17.911,17.911,17.448,17.448,153710,2681932.08,,,,,
2018-04-24 01:00:00,17.412,17.412,17.163,17.163,45490,780744.87,,,,,
2018-04-26 01:00:00,17.128,17.128,16.272,16.272,103260,1680246.7199999995,,,,,
2018-04-27 01:00:00,16.201,16.521,15.952,16.521,157200,2597101.2,,,,,
2018-05-02 01:00:00,16.558,16.664,16.487,16.629,74180,1233539.2200000002,,,,,
2018-05-03 01:00:00,16.664,16.878,16.593,16.878,71500,1206777.0,,,,,
2018-05-04 01:00:00,16.914,17.163,16.878,17.163,117680,2019741.84,,,,,
2018-05-07 01:00:00,17.163,17.626,17.163,17.626,137570,2424808.8200000003,,,,,
2018-05-08 01:00:00,17.626,17.697,17.483,17.554,106790,1874591.66,,,,,
2018-05-09 01:00:00,17.554,17.733,17.554,17.733,117720,2087528.76,,,,,
2018-05-10 01:00:00,17.768,18.124,17.768,18.124,71050,1287710.2,,,,,
2018-05-11 01:00:00,18.09,18.161,17.875,18.124,105660,1914981.84,,,,,
2018-05-14 01:00:00,18.09,18.338,18.053,18.338,50190,920384.22,,,,,
2018-05-15 01:00:00,18.373,18.516,18.302,18.41,148230,2728914.3,,,,,
2018-05-16 01:00:00,18.41,18.445,17.911,17.911,153830,2755249.1300000004,,,,,
2018-05-17 01:00:00,17.911,18.196,17.911,18.124,117160,2123407.84,,,,,
2018-05-18 01:00:00,18.124,18.196,18.018,18.196,92480,1682766.08,,,,,
2018-05-21 01:00:00,18.231,18.338,18.196,18.196,83210,1514089.16,,,,,
2018-05-22 01:00:00,18.196,18.231,17.804,17.804,100450,1788411.7999999998,,,,,
2018-05-23 01:00:00,17.84,18.018,17.733,18.018,113570,2046304.26,,,,,
2018-05-24 01:00:00,18.018,18.161,17.911,18.161,199770,3628022.97,,,,,
2018-05-25 01:00:00,18.161,18.445,18.09,18.09,216830,3922454.7,,,,,
2018-05-28 01:00:00,17.911,18.09,17.448,17.52,114410,2004463.2,,,,,
2018-05-29 01:00:00,17.554,17.626,17.271,17.554,201990,3545732.4599999995,,,,,
2018-05-30 01:00:00,17.554,17.591,17.377,17.377,73080,1269911.16,,,,,
2018-05-31 01:00:00,17.341,17.661,17.341,17.626,263920,4651853.92,,,,,
2018-06-01 01:00:00,17.591,17.733,17.554,17.733,149520,2651438.16,,,,,
2018-06-04 01:00:00,17.768,17.911,17.661,17.911,196410,3517899.51,,,,,
2018-06-05 01:00:00,17.911,17.982,17.875,17.911,221540,3968002.94,,,,,
2018-06-06 01:00:00,17.911,18.018,17.84,18.018,198620,3578735.16,,,,,
2018-06-07 01:00:00,18.018,18.018,17.875,18.018,212840,3834951.12,,,,,
2018-06-08 01:00:00,18.018,18.09,17.982,18.053,168850,3048249.0500000003,,,,,
2018-06-11 01:00:00,18.053,18.196,18.018,18.09,245220,4436029.8,,,,,
2018-06-12 01:00:00,18.09,18.124,17.911,17.911,187430,3357058.7300000004,,,,,
2018-06-13 01:00:00,17.947,18.196,17.875,18.161,231240,4199549.640000001,,,,,
2018-06-14 01:00:00,18.196,19.406,18.161,19.37,366470,7098523.9,,,,,
2018-06-15 01:00:00,19.406,19.478,19.3,19.37,189500,3670615.0,,,,,
2018-06-18 01:00:00,19.37,19.406,18.552,18.552,264560,4908117.12,,,,,
2018-06-19 01:00:00,18.161,18.161,17.305,17.305,265610,4596381.05,,,,,
2018-06-20 01:00:00,17.377,17.804,17.377,17.804,229270,4081923.08,,,,,
2018-06-21 01:00:00,17.733,17.84,17.626,17.626,167240,2947772.24,,,,,
2018-06-22 01:00:00,17.626,17.84,17.626,17.804,171440,3052317.76,,,,,
2018-06-25 01:00:00,17.84,17.982,17.84,17.911,229760,4115231.36,,,,,
2018-06-26 01:00:00,17.804,17.804,17.554,17.661,172090,3039281.49,,,,,
2018-06-27 01:00:00,17.626,17.697,17.554,17.591,170600,3001024.6,,,,,
2018-06-28 01:00:00,17.52,17.52,17.021,17.021,184810,3145651.01,,,,,
2018-06-29 01:00:00,16.914,17.021,16.807,16.807,140770,2365921.39,,,,,
2018-07-02 01:00:00,16.807,16.807,16.131,16.131,119160,1922169.96,,,,,
2018-07-03 01:00:00,16.131,16.131,15.133,15.133,160800,2433386.4,,,,,
2018-07-04 01:00:00,15.133,15.205,15.026,15.169,162640,2467086.16,,,,,
2018-07-05 01:00:00,15.169,15.169,14.6,14.6,108430,1583078.0,,,,,
2018-07-06 01:00:00,14.6,14.6,14.279,14.279,118560,1692918.24,,,,,
2018-07-09 01:00:00,14.279,14.529,14.279,14.279,166260,2374026.54,,,,,
2018-07-10 01:00:00,14.279,14.386,14.243,14.279,115620,1650937.98,,,,,
2018-07-11 01:00:00,14.422,14.422,13.887,13.887,93920,1304267.04,,,,,
2018-07-12 01:00:00,13.887,14.065,13.816,13.993,146110,2044517.23,,,,,
2018-07-13 01:00:00,13.993,14.207,13.993,14.065,150750,2120298.75,,,,,
2018-07-16 01:00:00,14.065,14.207,13.993,14.065,165700,2330570.5,,,,,
2018-07-17 01:00:00,14.03,14.101,13.887,14.101,179090,2525348.0900000003,,,,,
2018-07-18 01:00:00,14.101,14.35,14.101,14.314,245990,3521100.86,,,,,
2018-07-19 01:00:00,14.35,14.457,14.243,14.386,272430,3919177.98,,,,,
2018-07-20 01:00:00,14.314,14.492,14.172,14.422,262320,3783179.04,,,,,
2018-07-23 01:00:00,14.422,14.812,14.386,14.742,316260,4662304.92,,,,,
2018-07-24 01:00:00,14.742,15.382,14.742,15.382,271760,4180212.32,,,,,
2018-07-25 01:00:00,15.419,15.668,15.24,15.24,380930,5805373.2,,,,,
2018-07-26 01:00:00,15.24,15.276,14.812,14.849,262800,3902317.2,,,,,
2018-07-27 01:00:00,14.812,14.991,14.671,14.671,252570,3705454.47,,,,,
2018-07-30 01:00:00,14.635,14.671,13.887,13.887,170430,2366761.41,,,,,
2018-07-31 01:00:00,14.782,14.823,14.782,14.823,197270,2924133.21,,,,,
2018-08-01 01:00:00,14.905,15.642,14.905,15.601,606890,9468090.89,,,,,
2018-08-02 01:00:00,15.642,15.683,15.355,15.355,350550,5382695.25,,,,,
2018-08-03 01:00:00,15.355,16.051,15.355,16.011,197380,3160251.18,,,,,
2018-08-06 01:00:00,16.092,16.256,16.011,16.011,321010,5139691.109999999,,,,,
2018-08-07 01:00:00,15.97,16.011,15.806,15.888,326430,5186319.84,,,,,
2018-08-08 01:00:00,15.929,16.38,15.806,16.297,396060,6454589.82,,,,,
2018-08-09 01:00:00,16.215,16.256,15.97,16.011,404390,6474688.29,,,,,
2018-08-10 01:00:00,16.011,16.133,16.011,16.011,370460,5931435.06,,,,,
2018-08-13 01:00:00,15.97,16.051,15.929,16.051,308200,4946918.199999999,,,,,
2018-08-14 01:00:00,16.011,16.092,15.97,15.97,267460,4271336.2,,,,,
2018-08-15 01:00:00,15.97,16.133,15.929,16.092,188660,3035916.72,,,,,
2018-08-16 01:00:00,16.051,16.174,16.011,16.133,150590,2429468.47,,,,,
2018-08-17 01:00:00,16.051,16.215,16.051,16.174,150010,2426261.74,,,,,
2018-08-20 01:00:00,16.133,16.215,16.133,16.133,202440,3265964.52,,,,,
2018-08-21 01:00:00,16.133,16.339,16.092,16.133,214600,3462141.8,,,,,
2018-08-22 01:00:00,16.133,16.461,16.133,16.421,113340,1861156.14,,,,,
2018-08-23 01:00:00,16.421,16.625,16.421,16.625,117350,1950943.75,,,,,
2018-08-24 01:00:00,16.543,16.83,16.502,16.83,195030,3282354.8999999994,,,,,
2018-08-27 01:00:00,16.789,16.952,16.748,16.871,167760,2830278.96,,,,,
2018-08-28 01:00:00,16.83,17.034,16.83,17.034,183740,3129827.16,,,,,
2018-08-29 01:00:00,16.993,17.198,16.993,17.198,128830,2215618.34,,,,,
2018-08-30 01:00:00,17.157,17.239,17.157,17.198,134270,2309175.46,,,,,
2018-08-31 01:00:00,17.198,17.321,17.198,17.281,158180,2733508.58,,,,,
2018-09-04 01:00:00,17.198,17.281,17.157,17.157,131600,2257861.2,,,,,
2018-09-05 01:00:00,17.157,17.198,17.075,17.075,173080,2955341.0,,,,,
2018-09-06 01:00:00,17.034,17.075,16.83,16.83,169040,2844943.2,,,,,
2018-09-07 01:00:00,16.871,16.993,16.871,16.993,212040,3603195.72,,,,,
2018-09-10 01:00:00,16.952,17.075,16.952,17.034,167470,2852683.98,,,,,
2018-09-11 01:00:00,16.993,17.239,16.952,17.198,193280,3324029.44,,,,,
2018-09-12 01:00:00,17.198,17.281,17.116,17.198,238460,4101035.08,,,,,
2018-09-13 01:00:00,17.116,17.157,16.911,16.911,205870,3481467.5700000003,,,,,
2018-09-14 01:00:00,16.871,16.993,16.748,16.952,197770,3352597.0400000005,,,,,
2018-09-17 01:00:00,16.911,17.075,16.911,16.993,192210,3266224.53,,,,,
2018-09-18 01:00:00,16.993,17.116,16.993,16.993,201930,3431396.49,,,,,
2018-09-19 01:00:00,16.952,17.198,16.952,17.034,151900,2587464.6,,,,,
2018-09-20 01:00:00,17.075,17.362,16.993,17.198,232460,3997847.08,,,,,
2018-09-21 01:00:00,17.198,17.362,17.198,17.198,232840,4004382.32,,,,,
2018-09-24 01:00:00,17.157,17.362,17.157,17.198,194010,3336583.98,,,,,
2018-09-25 01:00:00,17.198,17.281,17.198,17.281,162930,2815593.33,,,,,
2018-09-26 01:00:00,17.239,17.362,17.239,17.321,142740,2472399.54,,,,,
2018-09-27 01:00:00,17.321,17.444,17.239,17.403,154920,2696072.76,,,,,
2018-09-28 01:00:00,17.403,17.485,17.281,17.321,146110,2530771.31,,,,,
2018-10-01 01:00:00,17.362,17.69,17.321,17.69,290060,5131161.4,,,,,
2018-10-02 01:00:00,17.731,17.935,17.731,17.935,214150,3840780.25,,,,,
2018-10-03 01:00:00,17.894,17.976,17.731,17.731,220610,3911635.91,,,,,
2018-10-04 01:00:00,17.771,17.894,17.731,17.731,232870,4129017.97,,,,,
2018-10-05 01:00:00,17.731,17.771,17.239,17.239,264920,4566955.88,,,,,
2018-10-08 01:00:00,17.198,17.198,16.993,16.993,221050,3756302.65,,,,,
2018-10-09 01:00:00,16.952,17.157,16.952,17.034,222000,3781548.0,,,,,
2018-10-10 01:00:00,17.034,17.239,17.034,17.075,195790,3343114.25,,,,,
2018-10-11 01:00:00,16.871,16.871,16.011,16.011,183970,2945543.67,,,,,
2018-10-12 01:00:00,15.97,16.38,15.97,16.297,254290,4144164.13,,,,,
2018-10-15 01:00:00,16.297,16.543,16.297,16.502,244000,4026488.0,,,,,
2018-10-16 01:00:00,16.502,16.789,16.502,16.748,270360,4527989.28,,,,,
2018-10-17 01:00:00,16.748,17.198,16.748,17.157,305580,5242836.06,,,,,
2018-10-18 01:00:00,17.157,17.239,17.116,17.157,322690,5536392.33,,,,,
2018-10-19 01:00:00,17.116,17.116,16.993,17.034,171740,2925419.16,,,,,
2018-10-22 01:00:00,17.075,17.157,17.034,17.075,113750,1942281.25,,,,,
2018-10-23 01:00:00,17.075,17.075,16.911,16.911,110710,1872216.81,,,,,
2018-10-24 01:00:00,16.83,16.993,16.789,16.789,81800,1373340.2000000002,,,,,
2018-10-25 01:00:00,16.584,16.666,16.584,16.625,69960,1163085.0,,,,,
2018-10-26 01:00:00,16.625,16.707,16.625,16.625,64040,1064665.0,,,,,
2018-10-29 00:00:00,16.625,16.625,16.502,16.502,54660,901999.32,,,,,
2018-10-30 00:00:00,16.461,16.584,16.461,16.543,63590,1051969.37,,,,,
2018-10-31 00:00:00,16.461,16.625,16.461,16.584,178050,2952781.2,,,,,
2018-11-01 00:00:00,16.543,16.625,16.543,16.584,32830,544452.72,,,,,
2018-11-02 00:00:00,16.543,16.789,16.543,16.666,134840,2247243.44,,,,,
2018-11-05 00:00:00,16.625,16.666,16.584,16.625,53770,893926.25,,,,,
2018-11-06 00:00:00,16.584,16.707,16.584,16.666,43040,717304.64,,,,,
2018-11-07 00:00:00,16.625,16.666,16.584,16.584,53280,883595.52,,,,,
2018-11-08 00:00:00,16.584,16.911,16.584,16.911,83130,1405811.4300000002,,,,,
2018-11-09 00:00:00,16.871,17.198,16.871,17.116,56800,972188.8,,,,,
2018-11-12 00:00:00,17.075,17.321,16.993,17.198,90430,1555215.14,,,,,
2018-11-13 00:00:00,17.157,17.157,17.034,17.034,26010,443054.34,,,,,
2018-11-14 00:00:00,16.993,17.157,16.993,16.993,38910,661197.6299999999,,,,,
2018-11-15 00:00:00,16.993,17.157,16.993,16.993,33610,571134.73,,,,,
2018-11-16 00:00:00,16.952,17.075,16.952,17.034,45580,776409.72,,,,,
2018-11-19 00:00:00,17.034,17.444,17.034,17.239,102890,1773720.71,,,,,
2018-11-20 00:00:00,17.281,17.403,17.198,17.198,76050,1307907.9,,,,,
2018-11-21 00:00:00,17.157,17.198,17.075,17.075,37410,638775.75,,,,,
2018-11-22 00:00:00,17.075,17.157,17.075,17.075,37610,642190.75,,,,,
2018-11-23 00:00:00,17.075,17.116,16.993,16.993,48720,827898.96,,,,,
2018-11-26 00:00:00,16.993,17.198,16.83,17.198,69350,1192681.3,,,,,
2018-11-27 00:00:00,17.198,17.198,17.116,17.116,14620,250235.92,,,,,
2018-11-28 00:00:00,17.075,17.116,17.034,17.116,22600,386821.6,,,,,
2018-11-29 00:00:00,17.116,17.198,17.034,17.034,24470,416821.98,,,,,
2018-11-30 00:00:00,17.034,17.116,16.952,17.034,31190,531290.46,,,,,
2018-12-03 00:00:00,17.075,17.198,17.075,17.198,45920,789732.16,,,,,
2018-12-04 00:00:00,17.198,17.362,17.075,17.362,84310,1463790.22,,,,,
2018-12-05 00:00:00,17.239,17.239,17.157,17.157,29970,514195.29,,,,,
2018-12-06 00:00:00,17.198,17.239,17.116,17.157,28410,487430.37,,,,,
2018-12-07 00:00:00,17.116,17.198,17.075,17.075,23820,406726.5,,,,,
2018-12-10 00:00:00,17.075,17.157,17.075,17.075,41570,709807.75,,,,,
2018-12-11 00:00:00,17.034,17.075,16.993,16.993,22710,385911.03,,,,,
2018-12-12 00:00:00,16.952,17.075,16.952,16.993,42710,725771.0299999999,,,,,
2018-12-13 00:00:00,16.993,17.075,16.911,16.911,69350,1172777.85,,,,,
2018-12-14 00:00:00,16.748,16.789,16.707,16.707,17590,293876.13,,,,,
2018-12-17 00:00:00,16.748,16.748,16.502,16.502,29200,481858.4,,,,,
2018-12-18 00:00:00,16.461,16.461,16.092,16.092,47520,764691.84,,,,,
2018-12-19 00:00:00,16.092,16.092,16.051,16.051,9730,156176.22999999998,,,,,
2018-12-20 00:00:00,16.051,16.051,15.97,16.051,31040,498223.0399999999,,,,,
2018-12-21 00:00:00,16.051,16.051,15.888,15.888,21780,346040.64,,,,,
2018-12-24 00:00:00,15.847,15.888,15.847,15.847,10190,161480.93,,,,,
2018-12-25 00:00:00,15.806,15.806,15.52,15.52,32830,509521.6,,,,,
2018-12-26 00:00:00,15.479,15.642,15.479,15.561,40080,623684.88,,,,,
2018-12-27 00:00:00,15.561,15.601,15.52,15.561,41520,646092.72,,,,,
2018-12-28 00:00:00,15.52,15.765,15.52,15.765,34890,550040.85,,,,,
2019-01-02 00:00:00,15.765,16.092,15.765,16.092,38190,614553.48,,,,,
2019-01-03 00:00:00,16.051,16.092,15.929,15.929,19310,307588.99,,,,,
2019-01-04 00:00:00,15.847,15.929,15.724,15.765,35350,557292.75,,,,,
2019-01-07 00:00:00,15.765,15.806,15.52,15.561,103370,1608540.57,,,,,
2019-01-08 00:00:00,15.52,15.52,14.823,14.823,61890,917395.47,,,,,
2019-01-09 00:00:00,14.782,14.864,14.782,14.823,14520,215229.96,,,,,
2019-01-10 00:00:00,14.782,15.355,14.782,15.355,48300,741646.5,,,,,
2019-01-11 00:00:00,15.314,15.438,15.314,15.438,40420,624003.9600000001,,,,,
2019-01-14 00:00:00,15.397,15.847,15.397,15.806,52850,835347.1,,,,,
2019-01-15 00:00:00,15.806,16.051,15.806,16.051,60580,972369.58,,,,,
2019-01-16 00:00:00,16.051,16.297,15.97,16.256,128190,2083856.64,,,,,
2019-01-17 00:00:00,16.256,16.421,16.215,16.421,50910,835993.11,,,,,
2019-01-18 00:00:00,16.421,16.421,16.174,16.339,120190,1963784.41,,,,,
2019-01-21 00:00:00,16.339,16.421,16.133,16.38,90360,1480096.7999999998,,,,,
2019-01-22 00:00:00,16.38,16.421,16.092,16.092,49500,796553.9999999999,,,,,
2019-01-23 00:00:00,16.092,16.092,15.724,15.888,97870,1554958.56,,,,,
2019-01-24 00:00:00,15.888,15.929,15.847,15.929,20440,325588.76,,,,,
2019-01-25 00:00:00,15.929,15.97,15.888,15.929,15560,247855.24,,,,,
2019-01-28 00:00:00,15.929,16.38,15.847,16.38,100120,1639965.6,,,,,
2019-01-29 00:00:00,16.339,16.666,16.256,16.666,64220,1070290.52,,,,,
2019-01-30 00:00:00,16.461,16.461,16.38,16.38,60640,993283.2,,,,,
2019-01-31 00:00:00,16.38,16.38,16.092,16.092,97200,1564142.4,,,,,
2019-02-01 00:00:00,16.092,16.133,15.888,16.133,128360,2070831.88,,,,,
2019-02-11 00:00:00,16.133,16.421,16.133,16.339,42350,691956.6499999999,,,,,
2019-02-12 00:00:00,16.339,16.461,16.339,16.421,53410,877045.61,,,,,
2019-02-13 00:00:00,16.421,16.584,16.421,16.543,55560,919129.08,,,,,
2019-02-14 00:00:00,16.543,16.625,16.543,16.584,54620,905818.08,,,,,
2019-02-15 00:00:00,16.584,16.666,16.584,16.584,55650,922899.6,,,,,
2019-02-18 00:00:00,16.584,16.707,16.543,16.707,96050,1604707.35,,,,,
2019-02-19 00:00:00,16.707,16.83,16.707,16.789,98530,1654220.1700000002,,,,,
2019-02-20 00:00:00,16.789,16.789,16.625,16.625,86570,1439226.25,,,,,
2019-02-21 00:00:00,16.625,16.748,16.625,16.666,83580,1392944.28,,,,,
2019-02-22 00:00:00,16.666,16.707,16.584,16.666,96330,1605435.78,,,,,
2019-02-25 00:00:00,16.666,16.707,16.625,16.625,62970,1046876.25,,,,,
2019-02-26 00:00:00,16.625,16.625,16.339,16.339,55520,907141.28,,,,,
2019-02-27 00:00:00,16.297,16.421,16.215,16.297,80140,1306041.58,,,,,
2019-02-28 00:00:00,16.297,16.38,16.297,16.339,83470,1363816.3299999998,,,,,
2019-03-01 00:00:00,16.339,16.421,16.339,16.38,79310,1299097.7999999998,,,,,
2019-03-04 00:00:00,16.38,16.543,16.38,16.543,76580,1266862.94,,,,,
2019-03-05 00:00:00,16.543,16.666,16.543,16.625,94540,1571727.5,,,,,
2019-03-06 00:00:00,16.625,16.666,16.297,16.625,92050,1530331.25,,,,,
2019-03-07 00:00:00,16.625,16.666,16.502,16.502,49230,812393.46,,,,,
2019-03-08 00:00:00,16.461,16.461,16.38,16.38,37470,613758.6,,,,,
2019-03-11 00:00:00,16.38,16.502,16.38,16.461,30810,507163.41,,,,,
2019-03-12 00:00:00,16.461,16.502,16.421,16.461,64260,1057783.86,,,,,
2019-03-13 00:00:00,16.461,16.502,16.461,16.461,56920,936960.12,,,,,
2019-03-14 00:00:00,16.461,16.502,16.38,16.461,41660,685765.2599999999,,,,,
2019-03-15 00:00:00,16.461,16.461,16.461,16.461,40810,671773.4099999999,,,,,
2019-03-18 00:00:00,16.461,16.625,16.461,16.584,37900,628533.6,,,,,
2019-03-19 00:00:00,16.584,17.034,16.584,17.034,98400,1676145.6,,,,,
2019-03-20 00:00:00,17.034,17.485,17.034,17.281,89740,1550796.94,,,,,
2019-03-21 00:00:00,17.281,17.444,17.157,17.157,95960,1646385.72,,,,,
2019-03-22 00:00:00,17.157,17.157,16.871,17.075,113950,1945696.25,,,,,
2019-03-25 00:00:00,16.911,16.911,16.666,16.666,55590,926462.94,,,,,
2019-03-26 00:00:00,16.666,16.707,16.584,16.666,40270,671139.8200000001,,,,,
2019-03-27 00:00:00,16.707,16.789,16.666,16.789,42090,706649.01,,,,,
2019-03-28 00:00:00,16.789,16.789,16.707,16.707,25390,424190.73,,,,,
2019-03-29 00:00:00,16.707,16.748,16.707,16.707,19050,318268.35000000003,,,,,
2019-04-01 01:00:00,16.748,16.748,16.748,16.748,40060,670924.88,,,,,
2019-04-02 01:00:00,16.748,16.83,16.748,16.789,24010,403103.89,,,,,
2019-04-03 01:00:00,16.789,16.83,16.748,16.789,27180,456325.02,,,,,
2019-04-04 01:00:00,16.789,16.83,16.748,16.789,24000,402936.00000000006,,,,,
2019-04-05 01:00:00,16.748,16.952,16.748,16.911,66390,1122721.29,,,,,
2019-04-08 01:00:00,16.952,16.993,16.952,16.952,26520,449567.04,,,,,
2019-04-09 01:00:00,16.952,16.993,16.83,16.911,29750,503102.25000000006,,,,,
2019-04-10 01:00:00,16.871,16.871,16.789,16.789,24370,409147.93000000005,,,,,
2019-04-11 01:00:00,16.748,16.871,16.748,16.83,26680,449024.4,,,,,
2019-04-12 01:00:00,16.83,16.871,16.707,16.748,97770,1637451.9600000002,,,,,
2019-04-16 01:00:00,16.748,16.748,16.174,16.174,114980,1859686.52,,,,,
2019-04-17 01:00:00,16.297,16.666,16.297,16.625,58320,969570.0,,,,,
2019-04-18 01:00:00,16.625,16.666,16.584,16.625,18320,304570.0,,,,,
2019-04-19 01:00:00,16.625,16.707,16.584,16.584,29340,486574.56,,,,,
2019-04-22 01:00:00,16.584,16.625,16.584,16.584,53900,893877.6,,,,,
2019-04-23 01:00:00,16.584,16.871,16.584,16.871,46520,784838.9199999999,,,,,
2019-04-24 01:00:00,16.789,16.83,16.748,16.748,62890,1053281.72,,,,,
2019-04-25 01:00:00,16.748,16.748,16.666,16.748,18160,304143.68,,,,,
2019-04-26 01:00:00,16.748,17.281,16.748,16.871,286940,4840964.739999999,,,,,
2019-05-02 01:00:00,16.871,16.952,16.871,16.871,38280,645821.88,,,,,
2019-05-03 01:00:00,16.871,16.871,16.789,16.83,27020,454746.6,,,,,
2019-05-06 01:00:00,16.83,16.871,16.707,16.707,44800,748473.6,,,,,
2019-05-07 01:00:00,16.707,16.789,16.707,16.748,34020,569766.9600000001,,,,,
2019-05-08 01:00:00,16.748,16.748,16.707,16.707,28850,481996.95,,,,,
2019-05-09 01:00:00,16.707,16.707,16.666,16.666,22020,366985.32,,,,,
2019-05-10 01:00:00,16.666,16.748,16.666,16.707,22660,378580.62,,,,,
2019-05-13 01:00:00,16.707,16.707,16.707,16.707,11760,196474.32,,,,,
2019-05-14 01:00:00,16.707,16.748,16.666,16.707,17620,294377.34,,,,,
2019-05-15 01:00:00,16.707,16.83,16.707,16.789,20630,346357.07,,,,,
2019-05-16 01:00:00,16.789,16.83,16.748,16.789,12950,217417.55,,,,,
2019-05-17 01:00:00,16.789,16.83,16.789,16.789,20980,352233.22000000003,,,,,
2019-05-20 01:00:00,16.789,16.83,16.748,16.83,35090,590564.7,,,,,
2019-05-21 01:00:00,16.83,16.871,16.748,16.748,23270,389725.96,,,,,
2019-05-22 01:00:00,16.748,16.789,16.748,16.789,34090,572337.01,,,,,
2019-05-23 01:00:00,16.789,16.83,16.789,16.789,27090,454814.01000000007,,,,,
2019-05-24 01:00:00,16.789,16.789,16.748,16.748,10800,180878.4,,,,,
2019-05-27 01:00:00,16.707,16.871,16.707,16.871,30500,514565.5,,,,,
2019-05-28 01:00:00,16.871,16.952,16.871,16.911,19040,321985.44,,,,,
2019-05-29 01:00:00,16.911,16.993,16.871,16.871,72010,1214880.71,,,,,
2019-05-30 01:00:00,16.871,16.952,16.871,16.911,26940,455582.34,,,,,
2019-05-31 01:00:00,16.911,16.993,16.911,16.911,18840,318603.24000000005,,,,,
2019-06-03 01:00:00,16.911,16.911,16.83,16.83,46800,787643.9999999999,,,,,
2019-06-04 01:00:00,16.83,16.911,16.83,16.871,16300,274997.3,,,,,
2019-06-05 01:00:00,16.871,16.871,16.83,16.83,42520,715611.6,,,,,
2019-06-06 01:00:00,16.83,16.83,16.83,16.83,31450,529303.5,,,,,
2019-06-07 01:00:00,16.83,16.911,16.789,16.789,164970,2769681.33,,,,,
2019-06-10 01:00:00,16.454,17.136,16.454,17.136,51130,876163.6799999999,,,,,
2019-06-11 01:00:00,17.136,17.318,17.136,17.318,18150,314321.7,,,,,
2019-06-12 01:00:00,17.363,17.363,17.318,17.318,19100,330773.80000000005,,,,,
2019-06-13 01:00:00,17.272,17.363,17.272,17.318,12160,210586.88,,,,,
2019-06-14 01:00:00,17.318,17.363,17.318,17.363,10580,183700.54,,,,,
2019-06-17 01:00:00,17.363,17.454,17.363,17.409,15900,276803.1,,,,,
2019-06-18 01:00:00,17.409,17.545,17.409,17.5,15990,279825.0,,,,,
2019-06-19 01:00:00,17.545,17.681,17.545,17.636,24180,426438.48,,,,,
2019-06-20 01:00:00,17.636,17.818,17.636,17.772,20210,359172.12,,,,,
2019-06-21 01:00:00,17.772,17.863,17.772,17.818,30000,534540.0,,,,,
2019-06-24 01:00:00,17.818,17.818,17.772,17.818,19110,340501.98000000004,,,,,
2019-06-25 01:00:00,17.818,17.818,17.772,17.772,10030,178253.15999999997,,,,,
2019-06-26 01:00:00,17.772,17.909,17.772,17.863,18690,333859.47,,,,,
2019-06-27 01:00:00,17.863,17.863,17.863,17.863,8950,159873.85,,,,,
2019-06-28 01:00:00,17.863,17.863,17.818,17.863,42240,754533.12,,,,,
2019-07-01 01:00:00,17.863,18.0,17.863,17.954,14910,267694.14,,,,,
2019-07-02 01:00:00,17.954,18.045,17.954,18.0,19020,342360.0,,,,,
2019-07-03 01:00:00,18.0,18.0,17.954,17.954,19190,344537.26,,,,,
2019-07-04 01:00:00,17.954,17.954,17.909,17.909,111360,1994346.24,,,,,
2019-07-05 01:00:00,17.909,17.954,17.909,17.909,53770,962966.93,,,,,
2019-07-08 01:00:00,17.909,17.909,17.818,17.818,11060,197067.08,,,,,
2019-07-09 01:00:00,17.818,17.818,17.818,17.818,15350,273506.30000000005,,,,,
2019-07-10 01:00:00,17.818,17.818,17.727,17.818,19500,347451.0,,,,,
2019-07-11 01:00:00,17.818,17.863,17.818,17.818,34090,607415.62,,,,,
2019-07-12 01:00:00,17.818,17.818,17.772,17.772,47120,837416.6399999999,,,,,
2019-07-15 01:00:00,17.772,17.772,17.727,17.772,33790,600515.88,,,,,
2019-07-16 01:00:00,17.772,17.772,17.454,17.454,32540,567953.16,,,,,
2019-07-17 01:00:00,17.272,17.272,17.272,17.272,8010,138348.72,,,,,
2019-07-18 01:00:00,17.272,17.318,17.272,17.318,11730,203140.14,,,,,
2019-07-19 01:00:00,17.318,17.363,17.318,17.318,6920,119840.56,,,,,
2019-07-22 01:00:00,17.318,17.318,17.272,17.318,11440,198117.92,,,,,
2019-07-23 01:00:00,17.318,17.363,17.318,17.363,19570,339793.91,,,,,
2019-07-24 01:00:00,17.363,17.454,17.363,17.454,10610,185186.94,,,,,
2019-07-25 01:00:00,17.454,17.5,17.454,17.454,7370,128635.98,,,,,
2019-07-26 01:00:00,17.454,17.454,17.454,17.454,7920,138235.68,,,,,
2019-07-29 01:00:00,17.454,17.454,17.409,17.454,24000,418896.0,,,,,
2019-07-30 01:00:00,17.454,17.454,17.454,17.454,7050,123050.7,,,,,
2019-07-31 01:00:00,17.454,17.454,17.409,17.454,15380,268442.52,,,,,
2019-08-01 01:00:00,17.454,17.454,17.454,17.454,10560,184314.24,,,,,
2019-08-02 01:00:00,17.454,17.454,16.863,17.0,117400,1995800.0,,,,,
2019-08-05 01:00:00,17.227,17.409,17.227,17.363,25690,446055.47,,,,,
2019-08-06 01:00:00,17.363,17.363,17.272,17.272,21710,374975.12,,,,,
2019-08-07 01:00:00,17.272,17.272,17.272,17.272,40030,691398.1599999999,,,,,
2019-08-08 01:00:00,17.272,17.5,17.272,17.5,20410,357175.0,,,,,
2019-08-09 01:00:00,17.5,17.681,17.5,17.681,21630,382440.03,,,,,
2019-08-12 01:00:00,17.681,17.772,17.681,17.727,12740,225841.98,,,,,
2019-08-13 01:00:00,17.727,17.727,17.636,17.636,14580,257132.88,,,,,
2019-08-14 01:00:00,17.636,17.727,17.636,17.681,78170,1382123.77,,,,,
2019-08-15 01:00:00,17.636,17.636,17.454,17.454,24450,426750.3,,,,,
2019-08-16 01:00:00,17.454,17.454,17.363,17.454,40670,709854.18,,,,,
2019-08-19 01:00:00,17.454,17.454,17.409,17.454,27130,473527.02,,,,,
2019-08-20 01:00:00,17.454,17.454,17.454,17.454,28360,494995.44,,,,,
2019-08-21 01:00:00,17.591,17.591,17.454,17.454,22180,387129.72,,,,,
2019-08-22 01:00:00,17.454,17.545,17.454,17.5,12680,221900.0,,,,,
2019-08-23 01:00:00,17.5,17.5,17.5,17.5,20310,355425.0,,,,,
2019-08-26 01:00:00,17.5,17.5,17.454,17.454,13060,227949.24,,,,,
2019-08-27 01:00:00,17.454,17.5,17.318,17.318,29960,518847.28,,,,,
2019-08-28 01:00:00,17.318,17.363,17.318,17.318,18140,314148.52,,,,,
2019-08-29 01:00:00,17.318,17.318,17.318,17.318,7850,135946.30000000002,,,,,
2019-08-30 01:00:00,17.318,17.318,17.318,17.318,10460,181146.28000000003,,,,,
2019-09-03 01:00:00,17.318,17.318,17.318,17.318,7480,129538.64,,,,,
2019-09-04 01:00:00,17.318,17.454,17.318,17.409,36030,627246.27,,,,,
2019-09-05 01:00:00,17.409,17.409,17.409,17.409,24580,427913.22,,,,,
2019-09-06 01:00:00,17.409,17.409,17.409,17.409,16460,286552.14,,,,,
2019-09-09 01:00:00,17.409,17.5,17.409,17.454,28890,504246.06,,,,,
2019-09-10 01:00:00,17.454,17.454,17.409,17.409,23310,405803.79,,,,,
2019-09-11 01:00:00,17.409,17.454,17.409,17.409,6750,117510.75,,,,,
2019-09-12 01:00:00,17.409,17.454,17.363,17.409,22400,389961.6,,,,,
2019-09-13 01:00:00,17.409,17.409,17.318,17.409,21040,366285.36,,,,,
2019-09-16 01:00:00,17.409,17.409,17.409,17.409,20760,361410.84,,,,,
2019-09-17 01:00:00,17.409,17.454,17.409,17.409,12610,219527.49,,,,,
2019-09-18 01:00:00,17.409,17.409,17.409,17.409,10140,176527.25999999998,,,,,
2019-09-19 01:00:00,17.409,17.409,17.409,17.409,8840,153895.56,,,,,
2019-09-20 01:00:00,17.409,17.409,17.409,17.409,6220,108283.98,,,,,
2019-09-23 01:00:00,17.409,17.409,17.409,17.409,7550,131437.94999999998,,,,,
2019-09-24 01:00:00,17.409,17.409,17.409,17.409,23450,408241.05,,,,,
2019-09-25 01:00:00,17.409,17.409,17.409,17.409,21800,379516.2,,,,,
2019-09-26 01:00:00,17.409,17.454,17.409,17.409,35850,624112.6499999999,,,,,
2019-09-27 01:00:00,17.409,17.454,17.409,17.409,19450,338605.05,,,,,
2019-09-30 01:00:00,17.409,17.454,17.409,17.454,7850,137013.9,,,,,
2019-10-01 01:00:00,17.454,17.454,17.454,17.454,6590,115021.86,,,,,
2019-10-02 01:00:00,17.454,17.454,17.454,17.454,7970,139108.38,,,,,
2019-10-03 01:00:00,17.454,17.454,17.454,17.454,22500,392715.0,,,,,
2019-10-04 01:00:00,17.454,17.454,17.454,17.454,18210,317837.34,,,,,
2019-10-07 01:00:00,17.454,17.5,17.454,17.5,35220,616350.0,,,,,
2019-10-08 01:00:00,17.5,17.545,17.5,17.5,8700,152250.0,,,,,
2019-10-09 01:00:00,17.5,17.5,17.5,17.5,22370,391475.0,,,,,
2019-10-10 01:00:00,17.5,17.5,17.5,17.5,6860,120050.0,,,,,
2019-10-11 01:00:00,17.5,17.545,17.5,17.5,7500,131250.0,,,,,
2019-10-14 01:00:00,17.5,17.5,17.5,17.5,9110,159425.0,,,,,
2019-10-15 01:00:00,17.5,17.5,17.5,17.5,7740,135450.0,,,,,
2019-10-16 01:00:00,17.5,17.5,17.5,17.5,5340,93450.0,,,,,
2019-10-17 01:00:00,17.5,17.5,17.5,17.5,6220,108850.0,,,,,
2019-10-18 01:00:00,17.5,17.5,17.5,17.5,6210,108675.0,,,,,
2019-10-21 01:00:00,17.5,17.5,17.5,17.5,6860,120050.0,,,,,
2019-10-22 01:00:00,17.5,17.5,17.454,17.454,8650,150977.1,,,,,
2019-10-23 01:00:00,17.454,17.454,17.363,17.363,8980,155919.74,,,,,
2019-10-24 01:00:00,17.363,17.363,17.363,17.363,7560,131264.28,,,,,
2019-10-25 01:00:00,17.363,17.363,17.363,17.363,5670,98448.21,,,,,
2019-10-28 00:00:00,17.363,17.363,17.363,17.363,4730,82126.98999999999,,,,,
2019-10-29 00:00:00,17.409,17.409,17.363,17.363,7200,125013.6,,,,,
2019-10-30 00:00:00,17.363,17.363,17.363,17.363,5910,102615.33,,,,,
2019-10-31 00:00:00,17.363,17.363,17.363,17.363,9350,162344.05,,,,,
2019-11-01 00:00:00,17.363,17.363,17.363,17.363,5540,96191.02,,,,,
2019-11-04 00:00:00,17.363,17.363,17.363,17.363,7840,136125.91999999998,,,,,
2019-11-05 00:00:00,17.363,17.363,17.318,17.363,9430,163733.09,,,,,
2019-11-06 00:00:00,17.363,17.363,17.136,17.136,13510,231507.36,,,,,
2019-11-07 00:00:00,17.136,17.136,17.045,17.045,13890,236755.05,,,,,
2019-11-08 00:00:00,17.045,17.045,17.0,17.0,5280,89760.0,,,,,
2019-11-11 00:00:00,17.0,17.0,16.954,16.954,12000,203448.0,,,,,
2019-11-12 00:00:00,16.954,16.954,16.909,16.909,8290,140175.61,,,,,
2019-11-13 00:00:00,16.909,18.091,16.863,18.091,14500,262319.5,,,,,
2019-11-14 00:00:00,17.363,17.454,17.272,17.272,8160,140939.52,,,,,
2019-11-15 00:00:00,17.272,17.272,17.181,17.181,2030,34877.43,,,,,
2019-11-18 00:00:00,17.181,17.181,17.136,17.136,11910,204089.76,,,,,
2019-11-19 00:00:00,17.136,17.136,16.863,16.863,6300,106236.9,,,,,
2019-11-20 00:00:00,16.863,16.863,16.363,16.363,6730,110122.99,,,,,
2019-11-21 00:00:00,16.363,16.363,16.363,16.363,5600,91632.8,,,,,
2019-11-22 00:00:00,16.363,16.591,16.363,16.591,5250,87102.75,,,,,
2019-11-25 00:00:00,16.591,17.272,16.591,17.272,7220,124703.83999999998,,,,,
2019-11-26 00:00:00,17.272,17.272,17.136,17.136,4440,76083.84,,,,,
2019-11-27 00:00:00,17.136,17.136,17.091,17.091,5460,93316.86,,,,,
2019-11-28 00:00:00,17.091,17.091,17.045,17.045,3250,55396.25000000001,,,,,
2019-11-29 00:00:00,17.045,17.045,17.045,17.045,4220,71929.90000000001,,,,,
2019-12-02 00:00:00,17.045,18.181,17.045,18.181,8690,157992.89,,,,,
2019-12-03 00:00:00,17.636,17.636,17.454,17.454,3990,69641.46,,,,,
2019-12-04 00:00:00,17.272,17.272,17.181,17.181,4400,75596.40000000001,,,,,
2019-12-05 00:00:00,17.181,17.181,17.136,17.136,4120,70600.31999999999,,,,,
2019-12-06 00:00:00,17.136,17.136,16.772,16.772,5240,87885.28,,,,,
2019-12-09 00:00:00,16.772,16.818,16.636,16.636,5190,86340.84,,,,,
2019-12-10 00:00:00,16.636,16.636,16.363,16.363,4350,71179.05,,,,,
2019-12-11 00:00:00,16.363,16.363,16.363,16.363,3520,57597.76,,,,,
2019-12-12 00:00:00,16.318,16.409,16.318,16.363,2410,39434.83,,,,,
2019-12-13 00:00:00,16.454,16.454,16.409,16.409,4250,69738.25,,,,,
2019-12-16 00:00:00,16.409,16.5,16.409,16.5,4540,74910.0,,,,,
2019-12-17 00:00:00,16.454,16.545,16.409,16.409,2300,37740.7,,,,,
2019-12-18 00:00:00,16.409,16.409,16.227,16.227,5020,81459.54000000001,,,,,
2019-12-19 00:00:00,16.227,16.272,16.227,16.272,4500,73224.0,,,,,
2019-12-20 00:00:00,16.272,16.363,16.272,16.363,3770,61688.51,,,,,
2019-12-23 00:00:00,16.363,16.409,16.318,16.318,3890,63477.02,,,,,
2019-12-24 00:00:00,16.363,16.363,16.227,16.227,4890,79350.03,,,,,
2019-12-25 00:00:00,16.272,16.272,16.227,16.227,5060,82108.62,,,,,
2019-12-26 00:00:00,16.227,16.227,16.227,16.227,3480,56469.96,,,,,
2019-12-27 00:00:00,16.227,16.227,16.227,16.227,3900,63285.3,,,,,
2019-12-30 00:00:00,16.227,16.272,16.181,16.181,6360,102911.16,,,,,
2019-12-31 00:00:00,16.181,16.227,16.181,16.181,5180,83817.58,,,,,
2020-01-02 00:00:00,16.181,16.181,16.181,16.181,3760,60840.560000000005,,,,,
2020-01-03 00:00:00,16.181,16.227,16.181,16.227,4040,65557.08,,,,,
2020-01-06 00:00:00,16.272,16.272,16.181,16.181,10630,172004.03,,,,,
2020-01-07 00:00:00,16.181,16.227,16.181,16.227,4030,65394.81,,,,,
2020-01-08 00:00:00,16.227,16.227,16.091,16.091,6380,102660.58,,,,,
2020-01-09 00:00:00,16.136,16.136,16.136,16.136,4520,72934.72,,,,,
2020-01-10 00:00:00,16.181,16.181,16.136,16.181,3780,61164.18,,,,,
2020-01-13 00:00:00,16.181,16.181,16.181,16.181,4370,70710.97,,,,,
2020-01-14 00:00:00,16.181,16.227,16.181,16.227,14970,242918.19,,,,,
2020-01-15 00:00:00,16.181,16.227,16.181,16.181,4760,77021.56,,,,,
2020-01-16 00:00:00,16.181,16.272,16.181,16.181,5890,95306.09,,,,,
2020-01-17 00:00:00,15.863,16.181,15.863,16.181,3940,63753.14000000001,,,,,
2020-01-20 00:00:00,16.181,16.181,16.136,16.136,10430,168298.47999999998,,,,,
2020-01-21 00:00:00,16.136,16.136,16.045,16.045,3660,58724.7,,,,,
2020-01-22 00:00:00,16.091,16.091,15.909,15.909,4860,77317.74,,,,,
2020-01-30 00:00:00,15.909,15.954,15.909,15.909,5190,82567.71,,,,,
2020-01-31 00:00:00,15.909,15.909,15.909,15.909,4070,64749.630000000005,,,,,
2020-02-03 00:00:00,15.909,15.909,15.818,15.818,4940,78140.92,,,,,
2020-02-04 00:00:00,15.818,15.863,15.818,15.863,4020,63769.26,,,,,
2020-02-05 00:00:00,15.863,15.863,15.863,15.863,4600,72969.8,,,,,
2020-02-06 00:00:00,15.863,15.863,15.818,15.818,5980,94591.64,,,,,
2020-02-07 00:00:00,15.818,15.863,15.818,15.863,5490,87087.87,,,,,
2020-02-10 00:00:00,15.863,15.909,15.818,15.863,23720,376270.36,,,,,
2020-02-11 00:00:00,15.909,15.909,15.909,15.909,5380,85590.42,,,,,
2020-02-12 00:00:00,15.818,15.954,15.818,15.818,5860,92693.48,,,,,
2020-02-13 00:00:00,15.863,15.863,15.772,15.818,5450,86208.09999999999,,,,,
2020-02-14 00:00:00,15.818,15.818,15.772,15.772,4660,73497.52,,,,,
2020-02-17 00:00:00,15.772,15.909,15.772,15.863,35010,555363.63,,,,,
2020-02-18 00:00:00,15.863,15.909,15.863,15.909,4870,77476.83,,,,,
2020-02-19 00:00:00,15.909,15.954,15.863,15.863,4210,66783.23,,,,,
2020-02-20 00:00:00,15.863,15.863,15.863,15.863,19910,315832.33,,,,,
2020-02-21 00:00:00,15.863,15.909,15.863,15.909,4670,74295.03,,,,,
2020-02-24 00:00:00,15.863,15.909,15.863,15.909,9510,151294.59,,,,,
2020-02-25 00:00:00,15.545,15.909,15.545,15.863,6710,106440.73,,,,,
2020-02-26 00:00:00,15.863,15.863,15.727,15.727,5110,80364.97,,,,,
2020-02-27 00:00:00,15.772,15.818,15.363,15.727,8220,129275.94,,,,,
2020-02-28 00:00:00,15.727,15.727,15.727,15.727,4190,65896.13,,,,,
2020-03-02 00:00:00,15.727,15.772,15.727,15.772,4420,69712.24,,,,,
2020-03-03 00:00:00,15.772,15.772,15.727,15.727,4590,72186.93000000001,,,,,
2020-03-04 00:00:00,15.727,15.772,15.727,15.772,9210,145260.12,,,,,
2020-03-05 00:00:00,15.772,15.818,15.772,15.818,4460,70548.28,,,,,
2020-03-06 00:00:00,15.818,15.818,15.772,15.772,4210,66400.12,,,,,
2020-03-09 00:00:00,15.772,15.772,15.727,15.727,4170,65581.59,,,,,
2020-03-10 00:00:00,15.727,15.727,15.636,15.636,14030,219373.08,,,,,
2020-03-11 00:00:00,15.636,15.636,15.591,15.591,4440,69224.04,,,,,
2020-03-12 00:00:00,15.636,15.636,14.5,14.5,4250,61625.0,,,,,
2020-03-13 00:00:00,14.5,14.5,14.272,14.272,2560,36536.32,,,,,
2020-03-16 00:00:00,14.318,14.318,14.045,14.045,3310,46488.95,,,,,
2020-03-17 00:00:00,14.045,14.045,13.954,13.954,4120,57490.48,,,,,
2020-03-18 00:00:00,14.045,14.045,13.0,13.0,7150,92950.0,,,,,
2020-03-19 00:00:00,13.045,13.045,13.045,13.045,3320,43309.4,,,,,
2020-03-20 00:00:00,13.136,13.136,13.136,13.136,3310,43480.16,,,,,
2020-03-23 00:00:00,13.136,13.136,12.772,12.772,2110,26948.92,,,,,
2020-03-24 00:00:00,12.818,12.818,12.363,12.363,3510,43394.13,,,,,
2020-03-25 00:00:00,12.363,12.591,12.363,12.591,7590,95565.69,,,,,
2020-03-26 00:00:00,12.636,12.818,12.636,12.818,3790,48580.22,,,,,
2020-03-27 00:00:00,12.818,12.863,12.454,12.454,2390,29765.06,,,,,
2020-03-30 01:00:00,12.5,12.5,11.636,11.636,3890,45264.03999999999,,,,,
2020-03-31 01:00:00,11.5,11.5,10.863,10.863,9530,103524.39,,,,,
2020-04-01 01:00:00,10.682,10.863,10.682,10.863,1530,16620.39,,,,,
2020-04-03 01:00:00,10.818,10.909,10.818,10.909,450,4909.05,,,,,
2020-04-06 01:00:00,10.909,11.045,10.909,11.045,2790,30815.55,,,,,
2020-04-07 01:00:00,11.091,11.091,10.818,10.818,3710,40134.78,,,,,
2020-04-08 01:00:00,10.818,10.954,10.636,10.954,2450,26837.300000000003,,,,,
2020-04-09 01:00:00,11.0,11.682,11.0,11.682,2140,24999.48,,,,,
2020-04-10 01:00:00,11.954,12.454,11.954,12.182,1880,22902.16,,,,,
2020-04-13 01:00:00,11.818,11.818,11.363,11.772,11890,139969.08000000002,,,,,
2020-04-14 01:00:00,11.772,11.818,11.772,11.818,6610,78116.98,,,,,
2020-04-15 01:00:00,11.818,11.818,11.682,11.682,1530,17873.46,,,,,
2020-04-16 01:00:00,11.591,11.591,11.363,11.363,1900,21589.7,,,,,
2020-04-17 01:00:00,11.454,11.454,11.272,11.409,8430,96177.87,,,,,
2020-04-20 01:00:00,11.409,11.454,11.409,11.454,9970,114196.38,,,,,
2020-04-21 01:00:00,11.636,11.636,11.454,11.454,200,2290.8,,,,,
2020-04-22 01:00:00,11.227,11.227,10.863,10.909,19660,214470.94,,,,,
2020-04-23 01:00:00,10.954,11.091,10.818,10.818,1850,20013.3,,,,,
2020-04-24 01:00:00,10.863,10.909,10.182,10.909,38070,415305.63,,,,,
2020-04-27 01:00:00,10.863,10.863,10.818,10.863,3060,33240.78,,,,,
2020-04-28 01:00:00,10.909,11.0,10.727,11.0,5800,63800.0,,,,,
2020-04-29 01:00:00,11.0,11.045,10.772,10.909,5610,61199.490000000005,,,,,
2020-05-04 01:00:00,10.909,10.909,10.5,10.545,8380,88367.1,,,,,
2020-05-05 01:00:00,10.545,10.591,10.273,10.273,1160,11916.68,,,,,
2020-05-06 01:00:00,10.318,10.454,10.273,10.454,3280,34289.12,,,,,
2020-05-07 01:00:00,10.5,10.682,10.454,10.636,1070,11380.52,,,,,
2020-05-08 01:00:00,10.636,10.818,10.591,10.727,5740,61572.98,,,,,
2020-05-11 01:00:00,10.863,10.909,10.818,10.818,21170,229017.06,,,,,
2020-05-12 01:00:00,10.863,11.454,10.863,11.182,23540,263224.28,,,,,
2020-05-13 01:00:00,11.182,11.363,11.182,11.363,4050,46020.15,,,,,
2020-05-14 01:00:00,11.363,11.5,11.318,11.454,3720,42608.880000000005,,,,,
2020-05-15 01:00:00,11.454,11.454,11.091,11.091,2240,24843.84,,,,,
2020-05-18 01:00:00,11.091,11.091,10.954,11.091,1820,20185.62,,,,,
2020-05-19 01:00:00,11.091,11.091,10.682,11.0,4580,50380.0,,,,,
2020-05-20 01:00:00,11.091,11.182,11.091,11.182,890,9951.98,,,,,
2020-05-21 01:00:00,11.182,11.182,11.091,11.091,990,10980.09,,,,,
2020-05-22 01:00:00,11.136,11.318,11.136,11.318,1330,15052.94,,,,,
2020-05-25 01:00:00,11.318,11.363,11.272,11.363,5760,65450.88,,,,,
2020-05-26 01:00:00,11.363,11.363,11.318,11.318,2270,25691.86,,,,,
2020-05-27 01:00:00,11.318,11.318,11.272,11.272,5470,61657.84,,,,,
2020-05-28 01:00:00,11.272,11.272,11.091,11.091,2380,26396.58,,,,,
2020-05-29 01:00:00,11.136,11.136,11.091,11.091,790,8761.89,,,,,
2020-06-01 01:00:00,11.136,11.136,11.045,11.045,9400,103823.0,,,,,
2020-06-02 01:00:00,11.091,11.182,11.045,11.136,5520,61470.72,,,,,
2020-06-03 01:00:00,11.136,11.136,11.091,11.091,1840,20407.44,,,,,
2020-06-04 01:00:00,11.091,11.136,11.0,11.045,5110,56439.95,,,,,
2020-06-05 01:00:00,11.091,11.091,10.954,11.045,9800,108241.0,,,,,
2020-06-08 01:00:00,11.091,11.136,11.045,11.091,3110,34493.009999999995,,,,,
2020-06-09 01:00:00,11.091,11.136,11.0,11.045,13700,151316.5,,,,,
2020-06-10 01:00:00,11.045,11.182,11.045,11.045,33340,368240.3,,,,,
2020-06-11 01:00:00,11.091,11.272,11.091,11.227,59570,668792.39,,,,,
2020-06-12 01:00:00,11.227,11.272,11.091,11.272,8160,91979.52,,,,,
2020-06-15 01:00:00,11.272,11.272,11.045,11.045,12070,133313.15,,,,,
2020-06-16 01:00:00,11.045,11.045,10.909,11.0,14570,160270.0,,,,,
2020-06-17 01:00:00,11.045,11.045,11.045,11.045,80,883.6,,,,,
2020-06-18 01:00:00,11.045,11.091,11.045,11.045,5360,59201.2,,,,,
2020-06-19 01:00:00,11.091,11.091,11.045,11.045,1040,11486.8,,,,,
2020-06-22 01:00:00,11.045,11.045,10.863,11.0,7590,83490.0,,,,,
2020-06-23 01:00:00,11.0,11.0,11.0,11.0,4140,45540.0,,,,,
2020-06-24 01:00:00,11.0,11.0,11.0,11.0,9730,107030.0,,,,,
2020-06-25 01:00:00,11.0,11.0,11.0,11.0,2820,31020.0,,,,,
2020-06-26 01:00:00,11.045,11.045,11.0,11.0,2630,28930.0,,,,,
2020-06-29 01:00:00,11.0,11.045,10.954,10.954,7490,82045.46,,,,,
2020-06-30 01:00:00,10.954,11.227,10.954,11.227,9470,106319.69,,,,,
2020-07-01 01:00:00,11.363,12.0,11.363,12.0,15040,180480.0,,,,,
2020-07-02 01:00:00,12.818,12.818,12.818,12.818,10300,132025.4,,,,,
2020-07-03 01:00:00,13.682,13.682,13.272,13.636,17860,243538.96,,,,,
2020-07-06 01:00:00,13.5,13.591,12.682,12.682,5780,73301.96,,,,,
2020-07-07 01:00:00,11.954,12.636,11.954,11.954,6770,80928.58,,,,,
2020-07-08 01:00:00,11.954,11.954,11.182,11.227,11250,126303.75,,,,,
2020-07-09 01:00:00,11.272,11.5,11.227,11.227,2230,25036.21,,,,,
2020-07-10 01:00:00,11.272,11.363,11.136,11.363,3350,38066.05,,,,,
2020-07-13 01:00:00,11.363,11.727,11.363,11.727,4840,56758.68,,,,,
2020-07-14 01:00:00,11.727,11.727,11.545,11.545,2120,24475.4,,,,,
2020-07-15 01:00:00,11.545,11.545,11.545,11.545,680,7850.6,,,,,
2020-07-16 01:00:00,11.591,11.591,11.545,11.545,180,2078.1,,,,,
2020-07-17 01:00:00,11.591,11.682,11.5,11.5,5530,63595.0,,,,,
2020-07-20 01:00:00,11.5,11.5,11.454,11.454,370,4237.9800000000005,,,,,
2020-07-21 01:00:00,11.454,11.5,11.454,11.454,340,3894.36,,,,,
2020-07-22 01:00:00,11.454,11.454,11.409,11.409,1570,17912.13,,,,,
2020-07-23 01:00:00,11.454,11.454,11.363,11.363,1820,20680.66,,,,,
2020-07-24 01:00:00,11.363,11.454,11.363,11.363,2790,31702.77,,,,,
2020-07-27 01:00:00,11.363,11.363,11.0,11.045,2320,25624.4,,,,,
2020-07-28 01:00:00,10.954,11.091,10.954,11.091,450,4990.95,,,,,
2020-07-29 01:00:00,11.091,11.091,11.091,11.091,90,998.19,,,,,
2020-07-30 01:00:00,11.091,11.091,11.091,11.091,430,4769.13,,,,,
2020-07-31 01:00:00,11.091,11.091,10.954,10.954,280,3067.1200000000003,,,,,
2020-08-03 01:00:00,11.0,11.0,11.0,11.0,1490,16390.0,,,,,
2020-08-04 01:00:00,11.091,11.136,11.091,11.091,220,2440.02,,,,,
2020-08-05 01:00:00,11.091,11.227,11.091,11.091,830,9205.53,,,,,
2020-08-06 01:00:00,11.091,11.136,11.091,11.136,1280,14254.079999999998,,,,,
2020-08-07 01:00:00,11.136,11.272,11.136,11.272,8560,96488.32,,,,,
2020-08-10 01:00:00,11.318,11.682,11.318,11.682,2250,26284.5,,,,,
2020-08-11 01:00:00,12.045,12.045,11.727,12.045,1510,18187.95,,,,,
2020-08-12 01:00:00,12.091,12.182,11.954,12.091,840,10156.44,,,,,
2020-08-13 01:00:00,12.091,12.136,11.863,12.136,690,8373.84,,,,,
2020-08-14 01:00:00,12.136,12.227,12.136,12.227,2520,30812.04,,,,,
2020-08-17 01:00:00,12.7,12.75,12.6,12.75,2730,34807.5,,,,,
2020-08-18 01:00:00,12.75,12.8,12.75,12.8,6180,79104.0,,,,,
2020-08-19 01:00:00,12.8,12.85,12.7,12.85,12890,165636.5,,,,,
2020-08-20 01:00:00,12.85,12.85,12.8,12.8,620,7936.0,,,,,
2020-08-21 01:00:00,12.8,12.8,12.8,12.8,130,1664.0,,,,,
2020-08-24 01:00:00,12.8,12.85,12.8,12.8,27300,349440.0,,,,,
2020-08-25 01:00:00,12.8,12.8,12.05,12.5,9680,121000.0,,,,,
2020-08-26 01:00:00,12.5,12.7,12.5,12.7,50230,637921.0,,,,,
2020-08-27 01:00:00,12.7,12.75,12.7,12.75,1020,13005.0,,,,,
2020-08-28 01:00:00,12.8,12.8,12.8,12.8,30,384.0,,,,,
2020-08-31 01:00:00,12.8,12.8,12.75,12.75,430,5482.5,,,,,
2020-09-01 01:00:00,12.8,12.8,12.7,12.7,260,3302.0,,,,,
2020-09-03 01:00:00,12.7,12.7,12.3,12.6,7150,90090.0,,,,,
2020-09-04 01:00:00,12.6,12.6,12.0,12.6,2690,33894.0,,,,,
2020-09-07 01:00:00,12.6,12.65,12.35,12.6,710,8946.0,,,,,
2020-09-08 01:00:00,12.6,12.6,12.6,12.6,2050,25830.0,,,,,
2020-09-09 01:00:00,12.6,12.6,12.6,12.6,170,2142.0,,,,,
2020-09-10 01:00:00,12.65,12.65,12.65,12.65,70,885.5,,,,,
2020-09-11 01:00:00,12.7,12.7,12.65,12.65,220,2783.0,,,,,
2020-09-14 01:00:00,12.65,12.65,12.65,12.65,770,9740.5,,,,,
2020-09-15 01:00:00,12.5,12.65,12.5,12.6,290,3654.0,,,,,
2020-09-16 01:00:00,12.6,12.6,12.6,12.6,500,6300.0,,,,,
2020-09-17 01:00:00,12.6,12.6,12.5,12.5,920,11500.0,,,,,
2020-09-18 01:00:00,12.35,12.55,12.35,12.5,2390,29875.0,,,,,
2020-09-21 01:00:00,12.55,12.6,12.5,12.6,1480,18648.0,,,,,
2020-09-22 01:00:00,12.6,12.6,12.55,12.55,1420,17821.0,,,,,
2020-09-23 01:00:00,12.55,12.55,12.5,12.5,3940,49250.0,,,,,
2020-09-24 01:00:00,12.5,12.5,12.5,12.5,190,2375.0,,,,,
2020-09-25 01:00:00,12.5,12.5,12.35,12.35,3010,37173.5,,,,,
2020-09-28 01:00:00,12.35,12.35,12.25,12.25,1610,19722.5,,,,,
2020-09-29 01:00:00,12.25,12.25,12.25,12.25,140,1715.0,,,,,
2020-09-30 01:00:00,12.25,12.25,12.25,12.25,130,1592.5,,,,,
2020-10-01 01:00:00,12.25,12.25,12.25,12.25,8670,106207.5,,,,,
2020-10-02 01:00:00,12.25,12.25,12.25,12.25,210,2572.5,,,,,
2020-10-05 01:00:00,12.25,12.25,12.25,12.25,1150,14087.5,,,,,
2020-10-06 01:00:00,12.25,12.25,12.25,12.25,1950,23887.5,,,,,
2020-10-07 01:00:00,12.25,12.25,12.25,12.25,30,367.5,,,,,
2020-10-08 01:00:00,12.25,12.25,12.25,12.25,200,2450.0,,,,,
2020-10-09 01:00:00,12.3,12.35,12.3,12.35,270,3334.5,,,,,
2020-10-12 01:00:00,12.35,12.35,12.0,12.3,5040,61992.0,,,,,
2020-10-13 01:00:00,12.3,12.3,12.3,12.3,230,2829.0,,,,,
2020-10-14 01:00:00,12.3,12.3,12.3,12.3,160,1968.0,,,,,
2020-10-15 01:00:00,12.3,12.3,12.25,12.3,12370,152151.0,,,,,
2020-10-16 01:00:00,12.3,12.3,12.3,12.3,3330,40959.0,,,,,
2020-10-19 01:00:00,12.3,12.3,12.05,12.3,6470,79581.0,,,,,
2020-10-20 01:00:00,12.3,12.3,12.3,12.3,40,492.0,,,,,
2020-10-21 01:00:00,12.3,12.3,12.3,12.3,3890,47847.0,,,,,
2020-10-22 01:00:00,12.35,12.35,12.3,12.3,140,1722.0,,,,,
2020-10-23 01:00:00,12.3,12.3,12.3,12.3,60,738.0,,,,,
2020-10-26 00:00:00,12.35,12.4,12.35,12.4,2280,28272.0,,,,,
2020-10-27 00:00:00,12.45,12.45,12.4,12.4,230,2852.0,,,,,
2020-10-28 00:00:00,12.4,12.45,12.4,12.4,100,1240.0,,,,,
2020-10-29 00:00:00,12.4,12.4,12.4,12.4,140,1736.0,,,,,
2020-10-30 00:00:00,12.4,12.4,12.4,12.4,80,992.0,,,,,
2020-11-02 00:00:00,12.4,12.4,12.4,12.4,40,496.0,,,,,
2020-11-03 00:00:00,12.4,12.4,12.4,12.4,50,620.0,,,,,
2020-11-04 00:00:00,12.4,12.4,12.4,12.4,6530,80972.0,,,,,
2020-11-05 00:00:00,12.4,12.5,12.4,12.4,1150,14260.0,,,,,
2020-11-06 00:00:00,12.4,12.5,12.4,12.4,440,5456.0,,,,,
2020-11-09 00:00:00,12.4,12.45,12.4,12.45,170,2116.5,,,,,
2020-11-10 00:00:00,12.45,12.5,12.45,12.5,560,7000.0,,,,,
2020-11-11 00:00:00,12.5,12.6,12.5,12.5,240,3000.0,,,,,
2020-11-12 00:00:00,12.5,12.55,12.5,12.55,240,3012.0,,,,,
2020-11-13 00:00:00,12.55,12.65,12.55,12.55,650,8157.500000000001,,,,,
2020-11-16 00:00:00,12.55,13.1,12.55,12.6,1040,13104.0,,,,,
2020-11-17 00:00:00,12.6,12.65,12.6,12.65,16040,202906.0,,,,,
2020-11-18 00:00:00,12.65,12.7,12.65,12.65,4360,55154.0,,,,,
2020-11-19 00:00:00,12.65,12.75,12.65,12.7,17550,222885.0,,,,,
2020-11-20 00:00:00,12.7,12.75,12.7,12.75,3400,43350.0,,,,,
2020-11-23 00:00:00,12.75,12.8,12.75,12.75,8030,102382.5,,,,,
2020-11-24 00:00:00,12.75,12.8,12.75,12.75,15900,202725.0,,,,,
2020-11-25 00:00:00,12.75,12.8,12.75,12.8,7220,92416.0,,,,,
2020-11-26 00:00:00,12.8,12.8,12.55,12.55,8260,103663.0,,,,,
2020-11-27 00:00:00,12.55,13.4,12.55,13.4,5630,75442.0,,,,,
2020-11-30 00:00:00,12.85,12.9,12.8,12.8,2710,34688.0,,,,,
2020-12-01 00:00:00,12.8,12.8,12.8,12.8,14830,189824.0,,,,,
2020-12-02 00:00:00,12.8,12.85,12.8,12.8,20040,256512.0,,,,,
2020-12-03 00:00:00,12.85,12.85,12.8,12.8,6540,83712.0,,,,,
2020-12-04 00:00:00,12.8,12.9,12.8,12.85,340,4369.0,,,,,
2020-12-07 00:00:00,12.8,12.85,12.8,12.85,510,6553.5,,,,,
2020-12-08 00:00:00,12.85,12.95,12.85,12.95,460,5957.0,,,,,
2020-12-09 00:00:00,12.9,13.05,12.9,13.0,6910,89830.0,,,,,
2020-12-10 00:00:00,12.85,12.95,12.85,12.95,940,12173.0,,,,,
2020-12-11 00:00:00,12.95,13.05,12.95,13.05,5850,76342.5,,,,,
2020-12-14 00:00:00,12.75,13.1,12.75,13.05,1720,22446.0,,,,,
2020-12-15 00:00:00,13.0,13.15,13.0,13.15,1410,18541.5,,,,,
2020-12-16 00:00:00,13.15,13.25,13.15,13.25,750,9937.5,,,,,
2020-12-17 00:00:00,13.25,13.5,13.25,13.5,1360,18360.0,,,,,
2020-12-18 00:00:00,13.5,13.7,13.5,13.7,1530,20961.0,,,,,
2020-12-21 00:00:00,13.7,13.85,13.65,13.85,2750,38087.5,,,,,
2020-12-22 00:00:00,13.85,14.1,13.85,14.0,3640,50960.0,,,,,
2020-12-23 00:00:00,14.0,14.15,14.0,14.15,3160,44714.0,,,,,
2020-12-24 00:00:00,14.15,14.45,14.15,14.45,6170,89156.5,,,,,
2020-12-25 00:00:00,14.45,14.55,14.45,14.55,22050,320827.5,,,,,
2020-12-28 00:00:00,14.6,14.6,14.6,14.6,120,1752.0,,,,,
2020-12-29 00:00:00,14.6,14.6,14.45,14.5,1700,24650.0,,,,,
2020-12-30 00:00:00,14.5,14.5,14.45,14.45,13640,197098.0,,,,,
2020-12-31 00:00:00,14.5,14.5,14.35,14.45,860,12427.0,,,,,
2021-01-04 00:00:00,14.45,14.55,14.45,14.55,2400,34920.0,,,,,
2021-01-05 00:00:00,14.55,14.65,14.55,14.65,1000,14650.0,,,,,
2021-01-06 00:00:00,14.55,14.65,14.5,14.65,1300,19045.0,,,,,
2021-01-07 00:00:00,14.65,14.8,14.65,14.8,1300,19240.0,,,,,
2021-01-08 00:00:00,14.8,15.05,14.8,15.0,25100,376500.0,,,,,
2021-01-11 00:00:00,15.0,15.3,15.0,15.25,11800,179950.0,,,,,
2021-01-12 00:00:00,15.25,15.5,15.25,15.5,6400,99200.0,,,,,
2021-01-13 00:00:00,15.5,16.05,15.5,16.05,7400,118770.0,,,,,
2021-01-14 00:00:00,16.05,17.15,16.05,17.15,6000,102900.0,,,,,
2021-01-15 00:00:00,17.15,18.35,17.1,18.35,14800,271580.0,,,,,
2021-01-18 00:00:00,19.6,19.6,19.6,19.6,26300,515480.00000000006,,,,,
2021-01-19 00:00:00,19.85,20.0,18.25,18.25,11600,211700.0,,,,,
2021-01-20 00:00:00,18.25,18.35,18.2,18.35,4600,84410.0,,,,,
2021-01-21 00:00:00,18.35,18.5,17.3,17.3,3200,55360.0,,,,,
2021-01-22 00:00:00,17.3,17.3,16.1,16.1,9400,151340.0,,,,,
2021-01-25 00:00:00,15.85,16.15,15.85,16.15,1500,24225.0,,,,,
2021-01-26 00:00:00,16.15,16.15,15.1,15.1,3000,45300.0,,,,,
2021-01-27 00:00:00,15.0,15.2,15.0,15.05,2900,43645.0,,,,,
2021-01-28 00:00:00,15.0,15.05,14.5,15.05,1600,24080.0,,,,,
2021-01-29 00:00:00,15.05,15.8,15.05,15.8,6300,99540.0,,,,,
2021-02-01 00:00:00,15.85,16.0,15.8,16.0,8800,140800.0,,,,,
2021-02-02 00:00:00,16.05,17.1,16.05,17.1,6000,102600.0,,,,,
2021-02-03 00:00:00,17.15,18.25,17.15,18.25,4100,74825.0,,,,,
2021-02-04 00:00:00,18.3,19.0,18.3,19.0,27500,522500.0,,,,,
2021-02-05 00:00:00,19.0,19.0,19.0,19.0,3800,72200.0,,,,,
2021-02-08 00:00:00,19.0,19.0,18.95,19.0,17900,340100.0,,,,,
2021-02-09 00:00:00,19.1,19.5,19.05,19.4,2400,46560.0,,,,,
2021-02-17 00:00:00,19.45,19.8,19.4,19.8,5900,116820.0,,,,,
2021-02-18 00:00:00,19.85,19.95,19.8,19.95,1300,25935.0,,,,,
2021-02-19 00:00:00,20.0,20.7,19.95,20.7,6500,134550.0,,,,,
2021-02-22 00:00:00,20.75,21.35,20.7,21.35,16900,360815.0,,,,,
2021-02-23 00:00:00,21.4,21.6,21.4,21.5,19400,417100.0,,,,,
2021-02-24 00:00:00,21.55,21.6,21.5,21.6,12400,267840.0,,,,,
2021-02-25 00:00:00,21.65,21.65,21.6,21.6,9700,209520.0,,,,,
2021-02-26 00:00:00,21.65,21.65,21.5,21.6,16600,358560.0,,,,,
2021-03-01 00:00:00,21.65,22.25,21.6,22.25,25200,560700.0,,,,,
2021-03-02 00:00:00,22.3,22.5,21.9,21.9,10500,229950.0,,,,,
2021-03-03 00:00:00,21.95,22.0,21.9,22.0,10500,231000.0,,,,,
2021-03-04 00:00:00,22.05,22.05,22.0,22.0,8100,178200.0,,,,,
2021-03-05 00:00:00,22.05,23.05,22.05,23.05,15400,354970.0,,,,,
2021-03-08 00:00:00,23.05,24.2,23.05,24.2,15600,377520.0,,,,,
2021-03-09 00:00:00,24.2,24.7,24.15,24.7,12700,313690.0,,,,,
2021-03-10 00:00:00,24.7,25.0,24.7,25.0,5300,132500.0,,,,,
2021-03-11 00:00:00,25.0,25.6,25.0,25.6,8400,215040.0,,,,,
2021-03-12 00:00:00,25.7,26.0,25.7,26.0,7900,205400.0,,,,,
2021-03-15 00:00:00,26.05,27.8,26.05,27.8,13500,375300.0,,,,,
2021-03-16 00:00:00,27.9,28.2,27.9,28.0,4300,120400.0,,,,,
2021-03-17 00:00:00,28.0,28.5,28.0,28.3,7300,206590.0,,,,,
2021-03-18 00:00:00,28.25,28.4,28.05,28.05,8600,241230.0,,,,,
2021-03-19 00:00:00,28.05,28.05,27.9,28.05,3000,84150.0,,,,,
2021-03-22 00:00:00,28.05,28.05,27.8,27.85,3100,86335.0,,,,,
2021-03-23 00:00:00,27.85,27.85,27.6,27.6,8800,242880.0,,,,,
2021-03-24 00:00:00,27.6,28.5,27.6,28.5,1400,39900.0,,,,,
2021-03-25 00:00:00,29.4,29.9,29.4,29.9,3800,113620.0,,,,,
2021-03-26 00:00:00,29.95,30.3,29.6,30.3,5000,151500.0,,,,,
2021-03-29 01:00:00,30.35,31.2,29.8,30.9,3300,101970.0,,,,,
2021-03-30 01:00:00,30.95,31.8,30.95,31.8,2200,69960.0,,,,,
2021-03-31 01:00:00,32.1,33.9,32.1,33.9,2000,67800.0,,,,,
2021-04-01 01:00:00,33.9,34.0,33.5,33.5,4400,147400.0,,,,,
2021-04-02 01:00:00,33.5,35.8,33.5,35.8,27600,988080.0,,,,,
2021-04-05 01:00:00,38.3,38.3,38.3,38.3,67700,2592910.0,,,,,
2021-04-06 01:00:00,39.6,40.95,39.6,40.95,29100,1191645.0,,,,,
2021-04-07 01:00:00,41.5,41.6,40.95,41.4,16000,662400.0,,,,,
2021-04-08 01:00:00,39.9,39.9,38.55,38.55,6600,254430.0,,,,,
2021-04-09 01:00:00,35.9,35.9,35.9,35.9,3600,129240.0,,,,,
2021-04-12 01:00:00,33.4,33.4,33.4,33.4,7300,243820.0,,,,,
2021-04-13 01:00:00,31.1,31.1,31.1,31.1,6000,186600.0,,,,,
2021-04-14 01:00:00,28.95,28.95,28.95,28.95,9600,277920.0,,,,,
2021-04-15 01:00:00,26.95,30.95,26.95,30.95,53100,1643445.0,,,,,
2021-04-16 01:00:00,30.95,30.95,28.8,28.8,26600,766080.0,,,,,
2021-04-19 01:00:00,27.9,27.9,26.8,26.8,20200,541360.0,,,,,
2021-04-20 01:00:00,24.95,25.0,24.95,24.95,26400,658680.0,,,,,
2021-04-22 01:00:00,24.9,25.0,23.25,24.3,12400,301320.0,,,,,
2021-04-23 01:00:00,24.25,24.45,22.6,24.4,4400,107360.0,,,,,
2021-04-26 01:00:00,24.4,24.4,22.7,22.7,3500,79450.0,,,,,
2021-04-27 01:00:00,22.7,22.7,21.5,22.4,2800,62719.99999999999,,,,,
2021-04-28 01:00:00,22.7,23.95,22.5,23.95,6400,153280.0,,,,,
2021-04-29 01:00:00,24.0,24.3,23.5,23.5,4500,105750.0,,,,,
2021-05-04 01:00:00,23.3,23.3,21.9,22.1,14200,313820.0,,,,,
2021-05-05 01:00:00,22.1,22.5,22.0,22.5,2000,45000.0,,,,,
2021-05-06 01:00:00,22.5,24.05,22.4,24.05,3600,86580.0,,,,,
2021-05-07 01:00:00,24.1,24.1,23.35,24.0,5300,127200.0,,,,,
2021-05-10 01:00:00,24.0,24.1,23.0,24.1,4400,106040.0,,,,,
2021-05-11 01:00:00,24.2,25.7,24.1,25.7,10500,269850.0,,,,,
2021-05-12 01:00:00,25.5,27.3,25.5,27.3,7800,212940.0,,,,,
2021-05-13 01:00:00,27.3,27.3,25.4,25.4,7200,182880.0,,,,,
2021-05-14 01:00:00,25.5,25.5,25.0,25.0,13600,340000.0,,,,,
2021-05-17 01:00:00,25.4,25.4,25.4,25.4,100,2540.0,,,,,
2021-05-18 01:00:00,25.4,25.4,25.2,25.2,1200,30240.0,,,,,
2021-05-19 01:00:00,25.2,25.2,23.5,23.5,1300,30550.0,,,,,
2021-05-20 01:00:00,23.5,23.5,23.0,23.0,1800,41400.0,,,,,
2021-05-21 01:00:00,23.0,23.0,22.4,22.5,1600,36000.0,,,,,
2021-05-24 01:00:00,22.7,22.7,20.95,21.0,11500,241500.0,,,,,
2021-05-25 01:00:00,21.0,21.1,21.0,21.0,1800,37800.0,,,,,
2021-05-26 01:00:00,21.0,21.0,20.8,21.0,3900,81900.0,,,,,
2021-05-27 01:00:00,20.9,21.2,20.6,21.1,3100,65410.00000000001,,,,,
2021-05-28 01:00:00,21.1,21.1,20.9,20.9,1000,20900.0,,,,,
2021-05-31 01:00:00,20.9,20.9,20.85,20.85,600,12510.0,,,,,
2021-06-01 01:00:00,20.85,20.9,20.85,20.9,2100,43890.0,,,,,
2021-06-02 01:00:00,20.9,20.9,20.7,20.7,2000,41400.0,,,,,
2021-06-03 01:00:00,20.7,20.75,20.6,20.75,5400,112050.0,,,,,
2021-06-04 01:00:00,20.75,20.75,20.6,20.7,2200,45540.0,,,,,
2021-06-07 01:00:00,20.7,20.8,20.7,20.8,4500,93600.0,,,,,
2021-06-08 01:00:00,20.8,20.8,20.7,20.7,1600,33120.0,,,,,
2021-06-09 01:00:00,20.7,20.7,20.6,20.6,500,10300.0,,,,,
2021-06-10 01:00:00,20.6,20.6,20.6,20.6,1100,22660.0,,,,,
2021-06-11 01:00:00,20.6,20.6,20.55,20.55,200,4110.0,,,,,
2021-06-14 01:00:00,20.4,20.4,20.0,20.0,4800,96000.0,,,,,
2021-06-15 01:00:00,20.0,20.0,19.7,19.7,1600,31520.0,,,,,
2021-06-16 01:00:00,19.7,19.7,19.6,19.6,1400,27440.000000000004,,,,,
2021-06-17 01:00:00,19.6,19.6,19.3,19.3,1800,34740.0,,,,,
2021-06-18 01:00:00,19.3,19.3,18.6,18.65,7800,145470.0,,,,,
2021-06-21 01:00:00,18.65,18.65,18.5,18.55,15400,285670.0,,,,,
2021-06-22 01:00:00,18.6,18.9,18.6,18.9,12000,226800.0,,,,,
2021-06-23 01:00:00,18.9,18.95,18.9,18.9,2800,52919.99999999999,,,,,
2021-06-24 01:00:00,19.0,19.0,19.0,19.0,4100,77900.0,,,,,
2021-06-25 01:00:00,19.0,19.0,18.5,19.0,4100,77900.0,,,,,
2021-06-28 01:00:00,19.0,19.0,18.5,18.5,2400,44400.0,,,,,
2021-06-29 01:00:00,18.5,18.5,18.1,18.1,1200,21720.0,,,,,
2021-06-30 01:00:00,18.1,18.1,18.1,18.1,0,0.0,,,,,
2021-07-01 01:00:00,18.1,18.1,18.1,18.1,100,1810.0,,,,,
2021-07-02 01:00:00,18.1,18.1,17.5,17.5,6400,112000.0,,,,,
2021-07-05 01:00:00,17.5,17.5,17.35,17.35,900,15615.000000000002,,,,,
2021-07-06 01:00:00,17.35,17.35,16.15,16.5,2400,39600.0,,,,,
2021-07-07 01:00:00,16.45,16.45,16.45,16.45,200,3290.0,,,,,
2021-07-08 01:00:00,16.45,16.45,15.8,16.1,5700,91770.0,,,,,
2021-07-09 01:00:00,16.1,16.4,15.0,15.5,4500,69750.0,,,,,
2021-07-12 01:00:00,15.5,15.5,15.2,15.2,1000,15200.0,,,,,
2021-07-13 01:00:00,15.0,15.4,14.5,15.4,1400,21560.0,,,,,
2021-07-14 01:00:00,15.35,15.35,15.1,15.2,1600,24320.0,,,,,
2021-07-15 01:00:00,15.2,15.2,15.2,15.2,100,1520.0,,,,,
2021-07-16 01:00:00,15.1,15.1,14.7,14.7,2900,42630.0,,,,,
2021-07-19 01:00:00,14.7,14.7,14.2,14.2,2200,31240.0,,,,,
2021-07-20 01:00:00,14.2,14.2,14.2,14.2,2300,32660.0,,,,,
2021-07-21 01:00:00,14.2,14.2,13.9,13.9,1300,18070.0,,,,,
2021-07-22 01:00:00,13.9,14.5,13.9,14.5,1000,14500.0,,,,,
2021-07-23 01:00:00,14.5,14.7,14.5,14.6,5500,80300.0,,,,,
2021-07-26 01:00:00,14.6,14.6,14.5,14.5,200,2900.0,,,,,
2021-07-27 01:00:00,14.6,14.6,14.6,14.6,600,8760.0,,,,,
2021-07-28 01:00:00,14.6,14.6,14.35,14.35,600,8610.0,,,,,
2021-07-29 01:00:00,14.4,14.4,14.2,14.2,2100,29820.0,,,,,
2021-07-30 01:00:00,14.2,14.2,13.3,13.8,6600,91080.0,,,,,
2021-08-02 01:00:00,13.9,14.2,13.9,14.2,900,12780.0,,,,,
2021-08-03 01:00:00,14.2,14.3,14.1,14.1,2200,31020.0,,,,,
2021-08-04 01:00:00,14.1,14.2,13.6,14.2,3000,42600.0,,,,,
2021-08-05 01:00:00,14.1,14.1,13.9,13.9,900,12510.0,,,,,
2021-08-06 01:00:00,14.0,14.1,13.9,13.9,2100,29190.0,,,,,
2021-08-09 01:00:00,13.9,14.0,13.9,14.0,1900,26600.0,,,,,
2021-08-10 01:00:00,14.0,14.0,13.9,14.0,2500,35000.0,,,,,
2021-08-11 01:00:00,14.0,14.95,13.9,14.95,7200,107640.0,,,,,
2021-08-12 01:00:00,14.95,15.95,14.95,15.95,1900,30305.0,,,,,
2021-08-13 01:00:00,17.05,17.05,17.05,17.05,4200,71610.0,,,,,
2021-08-16 01:00:00,18.2,18.2,18.15,18.15,32400,588060.0,,,,,
2021-08-17 01:00:00,18.2,19.35,17.8,17.8,9500,169100.0,,,,,
2021-08-18 01:00:00,17.7,17.7,17.0,17.2,3400,58480.0,,,,,
2021-08-19 01:00:00,17.05,17.05,16.2,16.7,7500,125250.0,,,,,
2021-08-20 01:00:00,15.7,16.8,15.6,15.9,4700,74730.0,,,,,
2021-08-23 01:00:00,16.0,16.7,16.0,16.5,4500,74250.0,,,,,
2021-08-24 01:00:00,16.1,16.1,16.0,16.0,300,4800.0,,,,,
2021-08-25 01:00:00,15.9,16.1,15.4,16.1,1800,28980.000000000004,,,,,
2021-08-26 01:00:00,16.0,16.0,16.0,16.0,500,8000.0,,,,,
2021-08-27 01:00:00,16.0,16.2,16.0,16.2,1000,16200.0,,,,,
2021-08-30 01:00:00,16.2,16.2,16.1,16.2,1300,21060.0,,,,,
2021-08-31 01:00:00,16.0,16.2,15.4,16.0,3600,57600.0,,,,,
2021-09-01 01:00:00,16.0,16.0,15.9,16.0,400,6400.0,,,,,
2021-09-06 01:00:00,16.0,16.0,15.0,16.0,3100,49600.0,,,,,
2021-09-07 01:00:00,16.0,16.0,15.5,15.7,1500,23550.0,,,,,
2021-09-08 01:00:00,15.7,15.7,15.6,15.7,400,6280.0,,,,,
2021-09-09 01:00:00,15.6,15.8,15.6,15.8,2500,39500.0,,,,,
2021-09-10 01:00:00,15.8,15.8,15.6,15.6,400,6240.0,,,,,
2021-09-13 01:00:00,15.6,15.6,15.5,15.5,700,10850.0,,,,,
2021-09-14 01:00:00,15.6,15.8,15.5,15.5,800,12400.0,,,,,
2021-09-15 01:00:00,15.6,16.55,15.6,16.55,3900,64545.0,,,,,
2021-09-16 01:00:00,16.6,17.3,16.55,16.7,4400,73480.0,,,,,
2021-09-17 01:00:00,16.7,16.7,16.5,16.6,1200,19920.0,,,,,
2021-09-20 01:00:00,16.6,16.6,16.4,16.6,2000,33200.0,,,,,
2021-09-21 01:00:00,16.6,16.6,16.3,16.4,5400,88559.99999999999,,,,,
2021-09-22 01:00:00,16.4,16.4,16.3,16.4,2300,37720.0,,,,,
2021-09-23 01:00:00,16.4,16.4,16.1,16.1,1500,24150.000000000004,,,,,
2021-09-24 01:00:00,16.0,16.0,15.4,15.4,8800,135520.0,,,,,
2021-09-27 01:00:00,15.4,15.4,15.4,15.4,3000,46200.0,,,,,
2021-09-28 01:00:00,15.5,16.0,15.4,16.0,2200,35200.0,,,,,
2021-09-29 01:00:00,16.0,16.0,15.6,15.6,800,12480.0,,,,,
2021-09-30 01:00:00,15.6,15.9,15.6,15.9,1500,23850.0,,,,,
2021-10-01 01:00:00,15.9,16.9,15.9,16.8,9400,157920.0,,,,,
2021-10-04 01:00:00,16.95,17.95,16.95,17.95,4300,77185.0,,,,,
2021-10-05 01:00:00,19.2,19.2,19.2,19.2,21300,408960.0,,,,,
2021-10-06 01:00:00,19.2,19.2,17.9,18.05,11200,202160.0,,,,,
2021-10-07 01:00:00,17.7,17.7,16.9,17.0,6900,117300.0,,,,,
2021-10-08 01:00:00,16.9,16.9,16.6,16.9,11000,185900.0,,,,,
2021-10-11 01:00:00,16.9,16.9,16.5,16.5,2700,44550.0,,,,,
2021-10-12 01:00:00,16.5,16.95,16.1,16.8,4200,70560.0,,,,,
2021-10-13 01:00:00,16.8,16.85,16.6,16.85,2600,43810.00000000001,,,,,
2021-10-14 01:00:00,16.9,16.9,16.85,16.9,2900,49009.99999999999,,,,,
2021-10-15 01:00:00,16.85,16.9,16.3,16.9,2000,33800.0,,,,,
2021-10-18 01:00:00,16.9,16.9,16.9,16.9,300,5070.0,,,,,
2021-10-19 01:00:00,16.85,16.85,16.4,16.8,2500,42000.0,,,,,
2021-10-20 01:00:00,16.8,16.9,16.6,16.8,1900,31920.0,,,,,
2021-10-21 01:00:00,16.8,16.8,16.3,16.3,1600,26080.0,,,,,
2021-10-22 01:00:00,16.3,16.6,16.3,16.6,1900,31540.000000000004,,,,,
2021-10-25 01:00:00,16.6,16.6,16.5,16.55,1400,23170.0,,,,,
2021-10-26 01:00:00,16.55,16.55,16.1,16.1,1700,27370.000000000004,,,,,
2021-10-27 01:00:00,16.2,16.7,16.2,16.7,2200,36740.0,,,,,
2021-10-28 01:00:00,16.7,17.85,16.7,17.85,8000,142800.0,,,,,
2021-10-29 01:00:00,17.85,17.9,17.5,17.6,3700,65120.00000000001,,,,,
2021-11-01 00:00:00,17.6,17.6,17.3,17.3,3100,53630.0,,,,,
2021-11-02 00:00:00,17.3,17.3,17.1,17.1,4500,76950.0,,,,,
2021-11-03 00:00:00,17.1,17.1,16.6,16.6,7500,124500.0,,,,,
2021-11-04 00:00:00,16.7,16.8,16.7,16.7,1200,20040.0,,,,,
2021-11-05 00:00:00,16.7,16.8,16.1,16.8,2000,33600.0,,,,,
2021-11-08 00:00:00,16.85,17.4,16.85,17.3,3800,65740.0,,,,,
2021-11-09 00:00:00,17.5,17.5,17.3,17.3,1200,20760.0,,,,,
2021-11-10 00:00:00,17.3,17.3,17.0,17.3,2500,43250.0,,,,,
2021-11-11 00:00:00,17.4,17.8,17.4,17.8,7000,124600.0,,,,,
2021-11-12 00:00:00,17.8,17.8,17.5,17.5,3100,54250.0,,,,,
2021-11-15 00:00:00,17.8,18.4,17.6,17.8,8100,144180.0,,,,,
2021-11-16 00:00:00,18.7,18.7,17.75,17.75,2700,47925.0,,,,,
2021-11-17 00:00:00,17.75,17.75,17.5,17.75,2600,46150.0,,,,,
2021-11-18 00:00:00,17.75,17.8,17.7,17.7,3100,54870.0,,,,,
2021-11-19 00:00:00,17.7,17.7,17.5,17.5,3000,52500.0,,,,,
2021-11-22 00:00:00,17.5,17.5,17.2,17.2,2600,44720.0,,,,,
2021-11-23 00:00:00,17.2,17.2,17.0,17.0,2100,35700.0,,,,,
2021-11-24 00:00:00,17.1,17.4,17.1,17.1,3200,54720.00000000001,,,,,
2021-11-25 00:00:00,17.1,17.3,16.9,16.9,3100,52389.99999999999,,,,,
2021-11-26 00:00:00,16.9,17.0,16.0,17.0,2500,42500.0,,,,,
2021-11-29 00:00:00,17.0,17.0,15.85,16.5,3600,59400.0,,,,,
2021-11-30 00:00:00,16.5,16.5,16.4,16.4,400,6559.999999999999,,,,,
2021-12-01 00:00:00,16.4,16.8,16.2,16.8,2300,38640.0,,,,,
2021-12-02 00:00:00,16.8,16.85,16.7,16.85,500,8425.0,,,,,
2021-12-03 00:00:00,16.9,17.8,16.9,17.6,5200,91520.0,,,,,
2021-12-06 00:00:00,17.7,18.05,17.7,18.0,6900,124200.0,,,,,
2021-12-07 00:00:00,18.0,18.0,17.0,17.0,1600,27200.0,,,,,
2021-12-08 00:00:00,17.1,17.1,17.1,17.1,400,6840.000000000001,,,,,
2021-12-09 00:00:00,17.5,17.5,17.0,17.0,1800,30600.0,,,,,
2021-12-10 00:00:00,17.0,17.1,17.0,17.0,600,10200.0,,,,,
2021-12-13 00:00:00,17.0,17.0,16.9,17.0,3100,52700.0,,,,,
2021-12-14 00:00:00,17.0,17.1,16.9,16.9,1500,25350.0,,,,,
2021-12-15 00:00:00,16.9,16.9,16.9,16.9,800,13519.999999999998,,,,,
2021-12-16 00:00:00,16.9,16.95,16.8,16.8,300,5040.0,,,,,
2021-12-17 00:00:00,16.9,16.9,16.7,16.7,2400,40080.0,,,,,
2021-12-20 00:00:00,16.7,16.7,16.55,16.55,600,9930.0,,,,,
2021-12-21 00:00:00,16.55,16.6,16.4,16.6,900,14940.000000000002,,,,,
2021-12-22 00:00:00,16.7,16.8,16.7,16.8,900,15120.0,,,,,
2021-12-23 00:00:00,16.8,16.8,16.8,16.8,300,5040.0,,,,,
2021-12-24 00:00:00,16.8,16.8,16.8,16.8,500,8400.0,,,,,
2021-12-27 00:00:00,16.9,17.0,16.75,16.75,800,13400.0,,,,,
2021-12-28 00:00:00,16.4,16.8,16.4,16.8,1200,20160.0,,,,,
2021-12-29 00:00:00,16.9,17.0,16.9,17.0,400,6800.0,,,,,
2021-12-30 00:00:00,17.0,17.1,16.8,16.9,800,13519.999999999998,,,,,
2021-12-31 00:00:00,16.9,16.9,16.9,16.9,100,1689.9999999999998,,,,,
2022-01-04 00:00:00,16.9,16.9,16.9,16.9,500,8450.0,,,,,
2022-01-05 00:00:00,16.9,17.0,16.7,16.7,1600,26720.0,,,,,
2022-01-06 00:00:00,16.8,17.0,16.7,16.75,3700,61975.0,,,,,
2022-01-07 00:00:00,16.75,16.8,16.6,16.8,1200,20160.0,,,,,
2022-01-10 00:00:00,16.8,16.8,16.7,16.7,800,13360.0,,,,,
2022-01-11 00:00:00,16.8,16.8,16.8,16.8,300,5040.0,,,,,
2022-01-12 00:00:00,16.8,16.8,16.8,16.8,100,1680.0,,,,,
2022-01-13 00:00:00,16.8,16.8,16.3,16.8,4200,70560.0,,,,,
2022-01-14 00:00:00,16.8,16.8,16.8,16.8,200,3360.0,,,,,
2022-01-17 00:00:00,16.8,16.8,16.5,16.5,1800,29700.0,,,,,
2022-01-18 00:00:00,16.5,16.5,16.4,16.4,400,6559.999999999999,,,,,
2022-01-19 00:00:00,16.4,16.4,16.1,16.3,3100,50530.0,,,,,
2022-01-20 00:00:00,16.3,16.4,16.2,16.4,1400,22960.0,,,,,
2022-01-21 00:00:00,16.4,16.4,16.2,16.4,1000,16400.0,,,,,
2022-01-24 00:00:00,16.5,16.5,16.5,16.5,100,1650.0,,,,,
2022-01-25 00:00:00,16.5,16.6,16.0,16.0,2300,36800.0,,,,,
2022-01-26 00:00:00,16.0,16.1,15.9,16.1,800,12880.000000000002,,,,,
2022-01-27 00:00:00,16.1,16.1,16.0,16.0,1700,27200.0,,,,,
2022-01-28 00:00:00,16.0,16.1,16.0,16.1,500,8050.000000000001,,,,,
2022-02-07 00:00:00,16.2,16.2,16.1,16.2,700,11340.0,,,,,
2022-02-08 00:00:00,16.3,16.3,16.3,16.3,200,3260.0,,,,,
2022-02-09 00:00:00,16.3,16.3,16.2,16.3,500,8150.0,,,,,
2022-02-10 00:00:00,16.3,16.4,16.2,16.4,600,9840.0,,,,,
2022-02-11 00:00:00,16.3,16.3,16.3,16.3,100,1630.0,,,,,
2022-02-14 00:00:00,16.3,16.3,15.4,15.4,2200,33880.0,,,,,
2022-02-15 00:00:00,15.5,15.7,15.5,15.7,900,14130.0,,,,,
2022-02-16 00:00:00,15.7,15.7,15.6,15.6,700,10920.0,,,,,
2022-02-17 00:00:00,15.6,15.7,15.6,15.7,400,6280.0,,,,,
2022-02-18 00:00:00,15.8,15.8,15.8,15.8,300,4740.0,,,,,
2022-02-21 00:00:00,15.8,15.9,15.8,15.9,700,11130.0,,,,,
2022-02-22 00:00:00,15.9,15.9,15.9,15.9,600,9540.0,,,,,
2022-02-23 00:00:00,15.9,16.95,15.9,16.95,1400,23730.0,,,,,
2022-02-24 00:00:00,16.9,16.9,16.5,16.6,2200,36520.0,,,,,
2022-02-25 00:00:00,16.8,17.75,16.8,17.75,9000,159750.0,,,,,
2022-02-28 00:00:00,18.95,18.95,18.9,18.95,18700,354365.0,,,,,
2022-03-01 00:00:00,19.1,19.1,17.9,19.0,2900,55100.0,,,,,
2022-03-02 00:00:00,19.0,19.0,17.7,18.0,11100,199800.0,,,,,
2022-03-03 00:00:00,19.25,19.25,16.75,17.3,6500,112450.0,,,,,
2022-03-04 00:00:00,17.4,17.8,17.3,17.6,5700,100320.0,,,,,
2022-03-07 00:00:00,17.6,18.8,17.6,18.8,9700,182360.0,,,,,
2022-03-08 00:00:00,18.8,19.8,18.8,19.75,14700,290325.0,,,,,
2022-03-09 00:00:00,21.1,21.1,21.1,21.1,13800,291180.0,,,,,
2022-03-10 00:00:00,22.55,22.55,22.55,22.55,17400,392370.0,,,,,
2022-03-11 00:00:00,24.1,24.1,21.0,21.05,31300,658865.0,,,,,
2022-03-14 00:00:00,20.9,20.9,19.6,19.6,3900,76440.0,,,,,
2022-03-15 00:00:00,18.5,18.5,18.25,18.25,6300,114975.0,,,,,
2022-03-16 00:00:00,18.25,19.5,17.0,19.5,12500,243750.0,,,,,
2022-03-17 00:00:00,19.6,19.6,18.2,19.6,4200,82320.0,,,,,
2022-03-18 00:00:00,19.65,19.65,19.1,19.1,1700,32470.000000000004,,,,,
2022-03-21 00:00:00,18.3,18.3,17.8,18.05,16400,296020.0,,,,,
2022-03-22 00:00:00,18.0,18.9,18.0,18.2,3500,63700.0,,,,,
2022-03-23 00:00:00,18.1,18.3,18.1,18.2,2200,40040.0,,,,,
2022-03-24 00:00:00,19.0,19.0,17.9,17.9,6300,112770.0,,,,,
2022-03-25 00:00:00,17.55,18.0,17.5,17.5,5300,92750.0,,,,,
2022-03-28 01:00:00,17.2,17.95,17.1,17.95,4400,78980.0,,,,,
2022-03-29 01:00:00,17.3,17.4,17.3,17.4,4000,69600.0,,,,,
2022-03-30 01:00:00,17.5,18.5,17.4,18.45,11300,208485.0,,,,,
2022-03-31 01:00:00,18.45,18.45,17.3,17.3,2300,39790.0,,,,,
2022-04-01 01:00:00,16.4,17.3,16.4,17.2,2900,49880.0,,,,,
2022-04-04 01:00:00,17.15,17.2,17.15,17.2,700,12040.0,,,,,
2022-04-05 01:00:00,17.2,17.2,17.0,17.0,1900,32300.0,,,,,
2022-04-06 01:00:00,16.1,16.75,15.85,16.75,6400,107200.0,,,,,
2022-04-07 01:00:00,16.7,16.7,15.85,16.05,2300,36915.0,,,,,
2022-04-08 01:00:00,16.1,16.4,16.1,16.4,2800,45919.99999999999,,,,,
2022-04-12 01:00:00,16.4,16.4,16.4,16.4,200,3279.9999999999995,,,,,
2022-04-13 01:00:00,16.4,16.4,16.2,16.25,1500,24375.0,,,,,
2022-04-14 01:00:00,16.2,16.2,16.0,16.0,700,11200.0,,,,,
2022-04-15 01:00:00,16.0,16.0,15.8,15.8,500,7900.0,,,,,
2022-04-18 01:00:00,15.75,15.75,15.6,15.65,1300,20345.0,,,,,
2022-04-19 01:00:00,15.6,15.6,15.6,15.6,100,1560.0,,,,,
2022-04-20 01:00:00,15.6,15.6,15.5,15.5,300,4650.0,,,,,
2022-04-21 01:00:00,15.5,15.5,14.5,14.5,900,13050.0,,,,,
2022-04-22 01:00:00,14.5,14.5,14.2,14.2,800,11360.0,,,,,
2022-04-25 01:00:00,13.6,14.2,13.6,14.2,8100,115020.0,,,,,
2022-04-26 01:00:00,15.15,15.15,15.15,15.15,200,3030.0,,,,,
2022-04-27 01:00:00,15.15,15.15,15.15,15.15,0,0.0,,,,,
2022-04-28 01:00:00,15.0,15.0,15.0,15.0,200,3000.0,,,,,
2022-04-29 01:00:00,15.0,15.25,15.0,15.0,1100,16500.0,,,,,
2022-05-04 01:00:00,15.0,15.0,15.0,15.0,600,9000.0,,,,,
2022-05-05 01:00:00,14.9,15.95,14.4,15.95,1300,20735.0,,,,,
2022-05-06 01:00:00,15.5,16.4,15.3,16.4,900,14759.999999999998,,,,,
2022-05-09 01:00:00,16.4,16.4,16.4,16.4,0,0.0,,,,,
2022-05-10 01:00:00,16.1,16.1,16.1,16.1,1000,16100.000000000002,,,,,
2022-05-11 01:00:00,16.1,16.1,16.1,16.1,0,0.0,,,,,
2022-05-12 01:00:00,15.95,15.95,15.4,15.9,400,6360.0,,,,,
2022-05-13 01:00:00,15.2,15.2,15.0,15.0,400,6000.0,,,,,
2022-05-16 01:00:00,14.8,15.35,14.8,15.35,600,9210.0,,,,,
2022-05-17 01:00:00,15.35,15.5,15.1,15.5,400,6200.0,,,,,
2022-05-18 01:00:00,15.2,15.45,14.6,15.45,900,13905.0,,,,,
2022-05-19 01:00:00,14.75,15.0,14.7,15.0,1100,16500.0,,,,,
2022-05-20 01:00:00,14.9,14.9,14.8,14.8,300,4440.0,,,,,
2022-05-23 01:00:00,15.4,15.4,15.4,15.4,100,1540.0,,,,,
2022-05-24 01:00:00,14.4,14.4,14.4,14.4,300,4320.0,,,,,
2022-05-25 01:00:00,14.35,14.35,14.1,14.35,1500,21525.0,,,,,
2022-05-26 01:00:00,14.95,14.95,14.95,14.95,100,1495.0,,,,,
2022-05-27 01:00:00,14.95,14.95,14.95,14.95,0,0.0,,,,,
2022-05-30 01:00:00,14.9,14.95,14.45,14.55,1400,20370.0,,,,,
2022-05-31 01:00:00,14.55,14.95,14.5,14.6,3300,48180.0,,,,,
2022-06-01 01:00:00,14.25,14.65,14.25,14.65,2400,35160.0,,,,,
2022-06-02 01:00:00,14.65,14.65,14.65,14.65,0,0.0,,,,,
2022-06-03 01:00:00,13.65,14.6,13.65,14.15,500,7075.0,,,,,
2022-06-06 01:00:00,14.1,14.2,13.6,14.2,900,12780.0,,,,,
2022-06-07 01:00:00,13.6,14.15,13.5,14.15,300,4245.0,,,,,
2022-06-08 01:00:00,14.95,14.95,14.95,14.95,200,2990.0,,,,,
2022-06-09 01:00:00,14.95,14.95,14.95,14.95,0,0.0,,,,,
2022-06-10 01:00:00,14.25,14.75,14.25,14.75,200,2950.0,,,,,
2022-06-13 01:00:00,14.0,14.7,14.0,14.7,200,2940.0,,,,,
2022-06-14 01:00:00,14.7,14.7,14.7,14.7,0,0.0,,,,,
2022-06-15 01:00:00,14.7,14.7,14.7,14.7,0,0.0,,,,,
2022-06-16 01:00:00,13.7,14.3,13.7,14.2,600,8520.0,,,,,
2022-06-17 01:00:00,14.2,14.2,14.2,14.2,0,0.0,,,,,
2022-06-20 01:00:00,14.2,14.2,14.2,14.2,0,0.0,,,,,
2022-06-21 01:00:00,14.0,14.0,13.5,13.8,4500,62100.0,,,,,
2022-06-22 01:00:00,14.75,14.75,13.6,13.8,1000,13800.0,,,,,
2022-06-23 01:00:00,14.65,14.65,14.55,14.55,200,2910.0,,,,,
2022-06-24 01:00:00,14.55,14.55,14.55,14.55,0,0.0,,,,,
2022-06-27 01:00:00,14.55,14.55,14.55,14.55,0,0.0,,,,,
2022-06-28 01:00:00,15.4,15.4,15.4,15.4,100,1540.0,,,,,
2022-06-29 01:00:00,14.35,15.95,14.35,15.95,1000,15950.0,,,,,
2022-06-30 01:00:00,14.85,16.0,14.85,14.9,1700,25330.0,,,,,
2022-07-01 01:00:00,14.2,14.2,14.1,14.1,800,11280.0,,,,,
2022-07-04 01:00:00,14.1,14.1,14.1,14.1,0,0.0,,,,,
2022-07-05 01:00:00,13.9,13.9,13.4,13.4,500,6700.0,,,,,
2022-07-06 01:00:00,12.5,14.3,12.5,12.5,4400,55000.0,,,,,
2022-07-07 01:00:00,11.7,12.0,11.7,12.0,200,2400.0,,,,,
2022-07-08 01:00:00,12.0,12.0,12.0,12.0,1700,20400.0,,,,,
2022-07-11 01:00:00,12.0,12.1,12.0,12.1,400,4840.0,,,,,
2022-07-12 01:00:00,12.1,12.1,12.1,12.1,0,0.0,,,,,
2022-07-13 01:00:00,12.1,12.85,12.05,12.1,1000,12100.0,,,,,
2022-07-14 01:00:00,12.1,12.1,12.1,12.1,0,0.0,,,,,
2022-07-15 01:00:00,12.1,12.1,12.1,12.1,200,2420.0,,,,,
2022-07-18 01:00:00,12.1,12.1,12.1,12.1,0,0.0,,,,,
2022-07-19 01:00:00,11.8,11.8,11.8,11.8,200,2360.0,,,,,
2022-07-20 01:00:00,11.8,11.9,11.8,11.9,1200,14280.0,,,,,
2022-07-21 01:00:00,11.9,11.9,11.9,11.9,0,0.0,,,,,
2022-07-22 01:00:00,11.9,11.9,11.8,11.8,700,8260.0,,,,,
2022-07-25 01:00:00,11.8,11.8,11.8,11.8,0,0.0,,,,,
2022-07-26 01:00:00,11.8,11.8,11.7,11.7,800,9360.0,,,,,
2022-07-27 01:00:00,11.7,11.7,11.7,11.7,0,0.0,,,,,
2022-07-28 01:00:00,12.35,12.35,11.75,11.8,1300,15340.000000000002,,,,,
2022-07-29 01:00:00,11.8,11.8,11.8,11.8,100,1180.0,,,,,
2022-08-01 01:00:00,11.8,11.8,11.8,11.8,0,0.0,,,,,
2022-08-02 01:00:00,11.2,11.55,11.2,11.55,1100,12705.0,,,,,
2022-08-03 01:00:00,11.7,12.25,11.7,12.25,1400,17150.0,,,,,
2022-08-04 01:00:00,11.65,12.2,11.65,12.2,300,3660.0,,,,,
2022-08-05 01:00:00,12.15,12.15,12.15,12.15,100,1215.0,,,,,
2022-08-08 01:00:00,12.1,12.15,12.0,12.15,900,10935.0,,,,,
2022-08-09 01:00:00,11.8,12.15,11.35,12.15,1300,15795.0,,,,,
2022-08-10 01:00:00,12.1,12.3,12.1,12.25,500,6125.0,,,,,
2022-08-11 01:00:00,11.95,12.95,11.95,12.95,1300,16835.0,,,,,
2022-08-12 01:00:00,12.9,12.9,12.9,12.9,800,10320.0,,,,,
2022-08-15 01:00:00,12.8,12.8,12.75,12.75,1200,15300.0,,,,,
2022-08-16 01:00:00,12.75,12.75,12.75,12.75,0,0.0,,,,,
2022-08-17 01:00:00,12.7,12.7,12.7,12.7,100,1270.0,,,,,
2022-08-18 01:00:00,12.7,12.7,12.5,12.7,700,8890.0,,,,,
2022-08-19 01:00:00,12.7,12.7,12.5,12.5,700,8750.0,,,,,
2022-08-22 01:00:00,12.5,12.5,12.5,12.5,0,0.0,,,,,
2022-08-23 01:00:00,12.5,12.5,12.5,12.5,0,0.0,,,,,
2022-08-24 01:00:00,12.5,12.5,12.5,12.5,0,0.0,,,,,
2022-08-25 01:00:00,12.5,12.5,12.4,12.45,300,3735.0,,,,,
2022-08-26 01:00:00,13.3,13.3,12.2,12.2,1300,15859.999999999998,,,,,
2022-08-29 01:00:00,12.2,12.2,12.2,12.2,0,0.0,,,,,
2022-08-30 01:00:00,12.2,12.2,12.2,12.2,0,0.0,,,,,
2022-08-31 01:00:00,11.4,12.3,11.4,12.3,1200,14760.0,,,,,
2022-09-05 01:00:00,11.5,13.15,11.5,13.15,1600,21040.0,,,,,
2022-09-06 01:00:00,12.7,12.9,12.25,12.3,5100,62730.0,,,,,
2022-09-07 01:00:00,12.0,12.2,11.9,12.2,1200,14640.0,,,,,
2022-09-08 01:00:00,11.9,12.1,11.9,12.1,400,4840.0,,,,,
2022-09-09 01:00:00,12.2,12.3,12.1,12.1,500,6050.0,,,,,
2022-09-12 01:00:00,11.8,11.8,11.8,11.8,100,1180.0,,,,,
2022-09-13 01:00:00,11.1,11.8,11.8,11.8,0,0.0,,,,,
2022-09-14 01:00:00,11.6,11.8,11.6,11.8,900,10620.0,,,,,
2022-09-15 01:00:00,11.8,11.8,11.8,11.8,200,2360.0,,,,,
2022-09-16 01:00:00,12.6,12.6,11.75,11.75,1400,16450.0,,,,,
2022-09-19 01:00:00,11.6,11.6,11.5,11.5,400,4600.0,,,,,
2022-09-20 01:00:00,11.5,11.5,11.3,11.3,600,6780.0,,,,,
2022-09-21 01:00:00,11.8,12.0,11.8,11.8,900,10620.0,,,,,
2022-09-22 01:00:00,11.6,11.6,11.0,11.0,900,9900.0,,,,,
2022-09-23 01:00:00,11.1,11.2,10.3,11.2,2100,23520.0,,,,,
2022-09-26 01:00:00,11.95,11.95,10.8,11.2,1700,19040.0,,,,,
2022-09-27 01:00:00,11.2,11.2,11.2,11.2,500,5600.0,,,,,
2022-09-28 01:00:00,11.0,11.0,10.8,10.8,900,9720.0,,,,,
2022-09-29 01:00:00,10.8,10.8,10.8,10.8,0,0.0,,,,,
2022-09-30 01:00:00,10.75,10.75,10.75,10.75,9800,105350.0,,,,,
2022-10-03 01:00:00,10.65,10.65,10.4,10.5,1700,17850.0,,,,,
2022-10-04 01:00:00,10.6,10.6,10.6,10.6,1300,13780.0,,,,,
2022-10-05 01:00:00,10.6,10.6,10.6,10.6,0,0.0,,,,,
2022-10-06 01:00:00,10.7,10.7,10.7,10.7,600,6420.0,,,,,
2022-10-07 01:00:00,10.7,10.7,10.7,10.7,0,0.0,,,,,
2022-10-10 01:00:00,10.2,10.5,10.0,10.5,1500,15750.0,,,,,
2022-10-11 01:00:00,10.5,10.5,10.5,10.5,0,0.0,,,,,
2022-10-12 01:00:00,10.6,10.6,10.6,10.6,600,6360.0,,,,,
2022-10-13 01:00:00,10.6,10.6,10.6,10.6,0,0.0,,,,,
2022-10-14 01:00:00,10.6,10.6,10.6,10.6,0,0.0,,,,,
2022-10-17 01:00:00,10.6,10.6,10.6,10.6,0,0.0,,,,,
2022-10-18 01:00:00,11.2,11.2,10.4,10.4,400,4160.0,,,,,
2022-10-19 01:00:00,11.1,11.1,10.5,10.5,300,3150.0,,,,,
2022-10-20 01:00:00,10.5,10.5,10.5,10.5,100,1050.0,,,,,
2022-10-21 01:00:00,11.2,11.2,10.2,10.2,200,2040.0,,,,,
2022-10-24 01:00:00,10.2,10.2,10.0,10.2,700,7139.999999999999,,,,,
2022-10-25 01:00:00,9.7,9.8,9.5,9.8,2100,20580.0,,,,,
2022-10-26 01:00:00,9.8,10.45,9.8,10.45,300,3135.0,,,,,
2022-10-27 01:00:00,10.45,10.45,10.45,10.45,0,0.0,,,,,
2022-10-28 01:00:00,10.45,10.45,10.45,10.45,0,0.0,,,,,
2022-10-31 00:00:00,10.4,10.4,10.4,10.4,100,1040.0,,,,,
2022-11-01 00:00:00,11.1,11.1,10.5,10.5,200,2100.0,,,,,
2022-11-02 00:00:00,11.05,11.15,11.05,11.15,200,2230.0,,,,,
2022-11-03 00:00:00,10.4,11.8,10.4,11.8,200,2360.0,,,,,
2022-11-04 00:00:00,12.5,12.5,11.1,11.8,600,7080.0,,,,,
2022-11-07 00:00:00,12.5,12.5,11.1,12.45,700,8715.0,,,,,
2022-11-08 00:00:00,11.9,12.4,11.7,12.4,700,8680.0,,,,,
2022-11-09 00:00:00,13.2,13.2,13.2,13.2,100,1320.0,,,,,
2022-11-10 00:00:00,14.0,14.0,12.5,12.5,500,6250.0,,,,,
2022-11-11 00:00:00,12.5,12.5,12.5,12.5,0,0.0,,,,,
2022-11-14 00:00:00,13.3,13.3,11.8,11.8,200,2360.0,,,,,
2022-11-15 00:00:00,11.8,11.8,11.8,11.8,0,0.0,,,,,
2022-11-16 00:00:00,11.8,11.8,11.8,11.8,0,0.0,,,,,
2022-11-17 00:00:00,12.45,12.45,12.45,12.45,100,1245.0,,,,,
2022-11-18 00:00:00,12.45,12.45,12.45,12.45,0,0.0,,,,,
2022-11-21 00:00:00,12.95,12.95,12.4,12.95,500,6475.0,,,,,
2022-11-22 00:00:00,12.95,12.95,12.95,12.95,0,0.0,,,,,
2022-11-23 00:00:00,12.95,12.95,12.95,12.95,0,0.0,,,,,
2022-11-24 00:00:00,13.8,13.8,13.8,13.8,100,1380.0,,,,,
2022-11-25 00:00:00,14.7,14.7,14.0,14.0,700,9800.0,,,,,
2022-11-28 00:00:00,14.0,14.0,14.0,14.0,0,0.0,,,,,
2022-11-29 00:00:00,13.3,13.3,13.3,13.3,100,1330.0,,,,,
2022-11-30 00:00:00,12.7,12.7,12.4,12.4,600,7440.0,,,,,
2022-12-01 00:00:00,13.25,13.25,11.6,12.5,400,5000.0,,,,,
2022-12-02 00:00:00,12.5,12.5,12.5,12.5,0,0.0,,,,,
2022-12-05 00:00:00,11.65,11.65,11.65,11.65,500,5825.0,,,,,
2022-12-06 00:00:00,11.95,11.95,11.95,11.95,100,1195.0,,,,,
2022-12-07 00:00:00,12.7,12.7,12.7,12.7,100,1270.0,,,,,
2022-12-08 00:00:00,12.7,12.7,12.7,12.7,0,0.0,,,,,
2022-12-09 00:00:00,12.7,12.7,12.7,12.7,0,0.0,,,,,
2022-12-12 00:00:00,12.1,12.65,11.9,12.65,500,6325.0,,,,,
2022-12-13 00:00:00,12.1,12.6,11.9,12.6,500,6300.0,,,,,
2022-12-14 00:00:00,13.4,13.4,11.8,12.5,800,10000.0,,,,,
2022-12-15 00:00:00,12.5,12.5,12.5,12.5,0,0.0,,,,,
2022-12-16 00:00:00,13.3,13.3,13.3,13.3,100,1330.0,,,,,
2022-12-19 00:00:00,14.1,14.1,13.3,13.3,2100,27930.0,,,,,
2022-12-20 00:00:00,13.3,13.3,13.3,13.3,0,0.0,,,,,
2022-12-21 00:00:00,13.3,13.3,13.3,13.3,0,0.0,,,,,
2022-12-22 00:00:00,13.3,13.3,13.3,13.3,0,0.0,,,,,
2022-12-23 00:00:00,12.5,12.5,12.4,12.4,400,4960.0,,,,,
2022-12-26 00:00:00,13.2,13.2,11.8,11.8,200,2360.0,,,,,
2022-12-27 00:00:00,11.8,11.8,11.8,11.8,0,0.0,,,,,
2022-12-28 00:00:00,11.8,11.8,11.8,11.8,0,0.0,,,,,
2022-12-29 00:00:00,12.55,12.55,11.2,11.2,400,4480.0,,,,,
2022-12-30 00:00:00,10.45,11.2,10.45,11.2,1400,15679.999999999998,,,,,
2023-01-03 00:00:00,11.2,11.2,11.2,11.2,0,0.0,,,,,
2023-01-04 00:00:00,11.85,11.85,11.85,11.85,100,1185.0,,,,,
2023-01-05 00:00:00,11.3,11.9,11.05,11.9,1600,19040.0,,,,,
2023-01-06 00:00:00,11.4,11.4,11.2,11.2,300,3360.0,,,,,
2023-01-09 00:00:00,10.5,10.5,10.5,10.5,600,6300.0,,,,,
2023-01-10 00:00:00,10.6,10.6,10.6,10.6,100,1060.0,,,,,
2023-01-11 00:00:00,10.6,10.6,10.6,10.6,0,0.0,,,,,
2023-01-12 00:00:00,10.6,10.6,10.6,10.6,0,0.0,,,,,
2023-01-13 00:00:00,10.6,10.6,10.6,10.6,0,0.0,,,,,
2023-01-16 00:00:00,10.6,10.6,10.6,10.6,0,0.0,,,,,
2023-01-17 00:00:00,10.6,10.6,10.6,10.6,0,0.0,,,,,
2023-01-18 00:00:00,9.86,10.3,9.86,10.3,200,2060.0,,,,,
2023-01-19 00:00:00,10.4,10.4,10.4,10.4,300,3120.0,,,,,
2023-01-27 00:00:00,10.4,10.4,10.3,10.3,300,3090.0,,,,,
2023-01-30 00:00:00,10.85,10.85,10.85,10.85,100,1085.0,,,,,
2023-01-31 00:00:00,10.85,10.85,10.85,10.85,100,1085.0,,,,,
2023-02-01 00:00:00,10.85,10.85,10.85,10.85,0,0.0,,,,,
2023-02-02 00:00:00,10.7,10.7,10.4,10.65,500,5325.0,,,,,
2023-02-03 00:00:00,10.65,10.65,10.65,10.65,0,0.0,,,,,
2023-02-06 00:00:00,9.91,10.55,9.91,10.55,800,8440.0,,,,,
2023-02-07 00:00:00,10.4,10.4,10.4,10.4,100,1040.0,,,,,
2023-02-08 00:00:00,10.4,10.5,10.2,10.5,800,8400.0,,,,,
2023-02-09 00:00:00,10.0,10.0,9.85,9.85,500,4925.0,,,,,
2023-02-10 00:00:00,9.85,10.5,9.7,9.7,600,5820.0,,,,,
2023-02-13 00:00:00,9.7,9.7,9.7,9.7,0,0.0,,,,,
2023-02-14 00:00:00,9.71,10.1,9.71,10.1,200,2020.0,,,,,
2023-02-15 00:00:00,10.1,10.1,10.1,10.1,0,0.0,,,,,
2023-02-16 00:00:00,10.1,10.1,10.1,10.1,0,0.0,,,,,
2023-02-17 00:00:00,10.1,10.1,10.1,10.1,0,0.0,,,,,
2023-02-20 00:00:00,10.1,10.1,10.1,10.1,0,0.0,,,,,
2023-02-21 00:00:00,10.1,10.1,10.0,10.0,2200,22000.0,,,,,
2023-02-22 00:00:00,10.0,10.0,10.0,10.0,0,0.0,,,,,
2023-02-23 00:00:00,10.0,10.0,10.0,10.0,0,0.0,,,,,
2023-02-24 00:00:00,10.0,10.0,10.0,10.0,0,0.0,,,,,
2023-02-27 00:00:00,10.65,10.65,10.55,10.55,1000,10550.0,,,,,
2023-02-28 00:00:00,11.2,11.2,11.2,11.2,100,1120.0,,,,,
2023-03-01 00:00:00,10.7,10.7,10.7,10.7,100,1070.0,,,,,
2023-03-02 00:00:00,10.7,10.7,10.7,10.7,0,0.0,,,,,
2023-03-03 00:00:00,10.5,11.3,10.5,11.3,200,2260.0,,,,,
2023-03-06 00:00:00,11.0,11.0,10.7,10.95,600,6570.0,,,,,
2023-03-07 00:00:00,10.95,10.95,10.95,10.95,0,0.0,,,,,
2023-03-08 00:00:00,11.65,11.65,10.5,10.95,300,3285.0,,,,,
2023-03-09 00:00:00,10.9,10.9,10.9,10.9,100,1090.0,,,,,
2023-03-10 00:00:00,10.9,10.9,10.9,10.9,0,0.0,,,,,
2023-03-13 00:00:00,10.5,10.75,10.4,10.75,300,3225.0,,,,,
2023-03-14 00:00:00,10.7,10.7,10.6,10.6,300,3180.0,,,,,
2023-03-15 00:00:00,10.1,10.55,10.0,10.55,300,3165.0,,,,,
2023-03-16 00:00:00,9.9,9.9,9.9,9.9,400,3960.0,,,,,
2023-03-17 00:00:00,9.9,9.9,9.85,9.9,1200,11880.0,,,,,
2023-03-20 00:00:00,9.9,9.9,9.9,9.9,100,990.0,,,,,
2023-03-21 00:00:00,9.9,9.9,9.9,9.9,100,990.0,,,,,
2023-03-22 00:00:00,9.9,9.9,9.9,9.9,0,0.0,,,,,
2023-03-23 00:00:00,10.45,10.45,10.45,10.45,100,1045.0,,,,,
2023-03-24 00:00:00,11.0,11.0,9.72,10.75,300,3225.0,,,,,
2023-03-27 01:00:00,10.75,10.75,10.75,10.75,0,0.0,,,,,
2023-03-28 01:00:00,10.3,10.3,10.1,10.1,500,5050.0,,,,,
2023-03-29 01:00:00,9.4,10.45,9.4,10.45,200,2090.0,,,,,
2023-03-30 01:00:00,9.9,10.0,9.75,10.0,600,6000.0,,,,,
2023-03-31 01:00:00,10.0,10.0,10.0,10.0,0,0.0,,,,,
2023-04-03 01:00:00,9.5,9.5,9.4,9.4,200,1880.0,,,,,
2023-04-04 01:00:00,10.0,10.0,10.0,10.0,100,1000.0,,,,,
2023-04-05 01:00:00,10.0,10.0,10.0,10.0,0,0.0,,,,,
2023-04-06 01:00:00,10.6,10.6,10.6,10.6,400,4240.0,,,,,
2023-04-07 01:00:00,10.1,11.25,9.9,10.5,700,7350.0,,,,,
2023-04-10 01:00:00,10.5,10.5,10.5,10.5,0,0.0,,,,,
2023-04-11 01:00:00,11.1,11.1,11.1,11.1,100,1110.0,,,,,
2023-04-12 01:00:00,10.35,10.35,10.35,10.35,200,2070.0,,,,,
2023-04-13 01:00:00,9.91,9.99,9.81,9.99,500,4995.0,,,,,
2023-04-14 01:00:00,9.99,9.99,9.99,9.99,0,0.0,,,,,
2023-04-17 01:00:00,9.99,9.99,9.99,9.99,0,0.0,,,,,
2023-04-18 01:00:00,9.99,9.99,9.99,9.99,0,0.0,,,,,
2023-04-19 01:00:00,10.55,10.55,10.0,10.0,200,2000.0,,,,,
2023-04-20 01:00:00,10.0,10.0,10.0,10.0,100,1000.0,,,,,
2023-04-21 01:00:00,10.6,10.6,10.6,10.6,200,2120.0,,,,,
2023-04-24 01:00:00,10.6,10.6,10.6,10.6,0,0.0,,,,,
2023-04-25 01:00:00,10.2,11.2,10.2,11.2,800,8960.0,,,,,
2023-04-26 01:00:00,11.9,11.9,10.5,10.95,700,7664.999999999999,,,,,
2023-04-27 01:00:00,10.4,10.9,10.4,10.9,300,3270.0,,,,,
2023-04-28 01:00:00,11.4,11.4,11.4,11.4,100,1140.0,,,,,
2023-05-04 01:00:00,10.8,10.95,10.7,10.95,400,4380.0,,,,,
2023-05-05 01:00:00,10.6,10.6,10.5,10.5,200,2100.0,,,,,
2023-05-08 01:00:00,11.1,11.1,11.1,11.1,100,1110.0,,,,,
2023-05-09 01:00:00,11.1,11.1,11.1,11.1,0,0.0,,,,,
2023-05-10 01:00:00,11.1,11.1,11.1,11.1,0,0.0,,,,,
2023-05-11 01:00:00,11.1,11.1,11.1,11.1,0,0.0,,,,,
2023-05-12 01:00:00,10.6,10.6,10.35,10.35,2700,27945.0,,,,,
2023-05-15 01:00:00,10.35,10.35,10.35,10.35,0,0.0,,,,,
2023-05-16 01:00:00,10.85,10.85,9.63,10.75,300,3225.0,,,,,
2023-05-17 01:00:00,10.6,10.6,10.2,10.6,1100,11660.0,,,,,
2023-05-18 01:00:00,10.2,10.7,10.0,10.0,400,4000.0,,,,,
2023-05-19 01:00:00,10.1,10.1,9.5,10.1,300,3030.0,,,,,
2023-05-22 01:00:00,9.71,10.7,9.7,10.7,1000,10700.0,,,,,
2023-05-23 01:00:00,9.96,11.35,9.96,11.35,600,6810.0,,,,,
2023-05-24 01:00:00,10.6,10.8,10.6,10.6,2400,25440.0,,,,,
2023-05-25 01:00:00,10.0,10.55,10.0,10.55,200,2110.0,,,,,
2023-05-26 01:00:00,9.84,10.75,9.84,10.75,400,4300.0,,,,,
2023-05-29 01:00:00,10.3,10.8,10.0,10.8,1700,18360.0,,,,,
2023-05-30 01:00:00,10.1,11.15,10.05,11.15,2600,28990.0,,,,,
2023-05-31 01:00:00,10.4,10.95,10.4,10.95,3400,37230.0,,,,,
2023-06-01 01:00:00,10.2,10.2,10.2,10.2,2500,25500.0,,,,,
2023-06-02 01:00:00,10.3,10.3,10.3,10.3,400,4120.0,,,,,
2023-06-05 01:00:00,10.3,10.3,10.3,10.3,0,0.0,,,,,
2023-06-06 01:00:00,10.3,10.3,10.3,10.3,0,0.0,,,,,
2023-06-07 01:00:00,10.3,10.3,10.3,10.3,0,0.0,,,,,
2023-06-08 01:00:00,10.0,10.5,10.0,10.3,600,6180.0,,,,,
2023-06-09 01:00:00,10.25,10.25,10.25,10.25,300,3075.0,,,,,
2023-06-12 01:00:00,10.25,10.25,10.25,10.25,0,0.0,,,,,
2023-06-13 01:00:00,10.25,10.25,10.25,10.25,0,0.0,,,,,
2023-06-14 01:00:00,9.58,9.58,9.58,9.58,500,4790.0,,,,,
2023-06-15 01:00:00,9.58,9.58,9.58,9.58,0,0.0,,,,,
2023-06-16 01:00:00,9.69,9.7,9.59,9.59,600,5754.0,,,,,
2023-06-19 01:00:00,9.59,9.59,9.59,9.59,0,0.0,,,,,
2023-06-20 01:00:00,9.59,9.59,9.26,9.59,2100,20139.0,,,,,
2023-06-21 01:00:00,9.79,9.8,9.79,9.8,200,1960.0,,,,,
2023-06-22 01:00:00,9.88,9.88,9.88,9.88,100,988.0,,,,,
2023-06-23 01:00:00,9.8,9.9,9.8,9.8,400,3920.000000000001,,,,,
2023-06-26 01:00:00,10.25,10.25,10.0,10.0,1000,10000.0,,,,,
2023-06-27 01:00:00,9.72,9.72,9.72,9.72,100,972.0,,,,,
2023-06-28 01:00:00,9.72,9.72,9.72,9.72,0,0.0,,,,,
2023-06-29 01:00:00,9.72,9.72,9.72,9.72,0,0.0,,,,,
2023-06-30 01:00:00,9.6,9.6,9.6,9.6,300,2880.0,,,,,
2023-07-03 01:00:00,9.7,9.7,9.7,9.7,100,970.0,,,,,
2023-07-04 01:00:00,9.8,9.81,9.8,9.8,600,5880.0,,,,,
2023-07-05 01:00:00,9.8,9.8,9.8,9.8,0,0.0,,,,,
2023-07-06 01:00:00,9.8,9.8,9.8,9.8,0,0.0,,,,,
2023-07-07 01:00:00,9.8,9.8,9.8,9.8,0,0.0,,,,,
2023-07-10 01:00:00,9.12,10.25,9.12,10.25,600,6150.0,,,,,
2023-07-11 01:00:00,10.0,10.0,9.62,9.65,1700,16405.0,,,,,
2023-07-12 01:00:00,9.65,9.65,9.65,9.65,0,0.0,,,,,
2023-07-13 01:00:00,9.7,9.7,9.5,9.5,700,6650.0,,,,,
2023-07-14 01:00:00,9.5,9.7,9.5,9.7,200,1940.0,,,,,
2023-07-17 01:00:00,9.11,9.8,9.11,9.7,3600,34920.0,,,,,
2023-07-18 01:00:00,9.9,9.9,9.6,9.6,4000,38400.0,,,,,
2023-07-19 01:00:00,9.03,9.03,9.03,9.03,100,903.0,,,,,
2023-07-20 01:00:00,9.54,9.59,9.5,9.59,2000,19180.0,,,,,
2023-07-21 01:00:00,9.59,9.59,9.59,9.59,0,0.0,,,,,
2023-07-24 01:00:00,9.68,9.68,9.68,9.68,500,4840.0,,,,,
2023-07-25 01:00:00,9.8,9.82,9.75,9.75,3400,33150.0,,,,,
2023-07-26 01:00:00,9.9,9.9,9.8,9.8,800,7840.000000000001,,,,,
2023-07-27 01:00:00,9.8,9.8,9.8,9.8,100,980.0,,,,,
2023-07-28 01:00:00,10.0,10.0,10.0,10.0,1100,11000.0,,,,,
2023-07-31 01:00:00,10.0,10.0,10.0,10.0,100,1000.0,,,,,
2023-08-01 01:00:00,10.0,10.0,10.0,10.0,0,0.0,,,,,
2023-08-02 01:00:00,10.0,10.0,9.42,9.45,1200,11340.0,,,,,
2023-08-03 01:00:00,9.5,9.6,9.5,9.6,1100,10560.0,,,,,
2023-08-04 01:00:00,9.58,9.6,9.58,9.6,600,5760.0,,,,,
2023-08-07 01:00:00,9.6,9.6,9.6,9.6,100,960.0,,,,,
2023-08-08 01:00:00,9.9,9.9,9.9,9.9,100,990.0,,,,,
2023-08-09 01:00:00,9.9,9.9,9.9,9.9,0,0.0,,,,,
2023-08-10 01:00:00,9.9,9.9,9.89,9.9,300,2970.0,,,,,
2023-08-11 01:00:00,9.9,9.9,9.9,9.9,0,0.0,,,,,
2023-08-14 01:00:00,9.9,9.9,9.9,9.9,0,0.0,,,,,
2023-08-15 01:00:00,9.9,9.9,9.9,9.9,0,0.0,,,,,
2023-08-16 01:00:00,9.9,9.9,9.9,9.9,0,0.0,,,,,
2023-08-17 01:00:00,9.9,9.9,9.9,9.9,1100,10890.0,,,,,
2023-08-18 01:00:00,9.9,9.9,9.8,9.8,300,2940.0,,,,,
2023-08-21 01:00:00,9.8,9.8,9.6,9.6,400,3840.0,,,,,
2023-08-22 01:00:00,9.0,9.0,9.0,9.0,100,900.0,,,,,
2023-08-23 01:00:00,9.63,9.63,9.6,9.6,700,6720.0,,,,,
2023-08-24 01:00:00,9.6,9.6,9.6,9.6,0,0.0,,,,,
2023-08-25 01:00:00,9.6,9.6,9.6,9.6,0,0.0,,,,,
2023-08-28 01:00:00,9.5,9.5,9.5,9.5,300,2850.0,,,,,
2023-08-29 01:00:00,9.99,9.99,9.99,9.99,100,999.0,,,,,
2023-08-30 01:00:00,9.6,9.6,9.6,9.6,1000,9600.0,,,,,
2023-08-31 01:00:00,9.6,9.6,9.6,9.6,0,0.0,,,,,
2023-09-05 01:00:00,10.0,10.0,9.7,9.7,1800,17460.0,,,,,
2023-09-06 01:00:00,9.7,9.7,9.7,9.7,0,0.0,,,,,
2023-09-07 01:00:00,9.05,9.06,9.04,9.05,1100,9955.0,,,,,
2023-09-08 01:00:00,9.68,9.68,9.67,9.67,300,2901.0,,,,,
2023-09-11 01:00:00,10.0,10.0,9.13,9.13,500,4565.0,,,,,
2023-09-12 01:00:00,9.13,9.15,9.13,9.15,300,2745.0,,,,,
2023-09-13 01:00:00,9.15,9.15,9.15,9.15,0,0.0,,,,,
2023-09-14 01:00:00,9.5,9.5,9.5,9.5,100,950.0,,,,,
2023-09-15 01:00:00,9.5,9.5,9.4,9.4,1100,10340.0,,,,,
2023-09-18 01:00:00,8.86,9.4,8.85,9.4,300,2820.0,,,,,
2023-09-19 01:00:00,9.5,9.5,9.4,9.4,600,5640.0,,,,,
2023-09-20 01:00:00,9.9,9.9,9.7,9.7,400,3880.0,,,,,
2023-09-21 01:00:00,9.03,9.5,9.03,9.3,400,3720.000000000001,,,,,
2023-09-22 01:00:00,9.3,9.3,9.3,9.3,0,0.0,,,,,
2023-09-25 01:00:00,9.3,9.3,9.3,9.3,0,0.0,,,,,
2023-09-26 01:00:00,9.3,9.3,9.3,9.3,0,0.0,,,,,
2023-09-27 01:00:00,8.71,9.9,8.71,9.9,1100,10890.0,,,,,
2023-09-28 01:00:00,9.79,9.79,9.79,9.79,100,979.0,,,,,
2023-09-29 01:00:00,9.3,9.3,9.12,9.12,700,6383.999999999999,,,,,
2023-10-02 01:00:00,8.5,9.69,8.5,9.69,200,1938.0,,,,,
2023-10-03 01:00:00,9.69,9.69,9.69,9.69,0,0.0,,,,,
2023-10-04 01:00:00,9.69,9.69,9.69,9.69,0,0.0,,,,,
2023-10-05 01:00:00,9.69,9.69,9.69,9.69,0,0.0,,,,,
2023-10-06 01:00:00,9.02,9.02,9.02,9.02,500,4510.0,,,,,
2023-10-09 01:00:00,9.4,9.4,9.4,9.4,100,940.0,,,,,
2023-10-10 01:00:00,9.9,9.9,9.9,9.9,100,990.0,,,,,
2023-10-11 01:00:00,9.9,9.9,9.9,9.9,0,0.0,,,,,
2023-10-12 01:00:00,9.21,10.0,9.21,10.0,200,2000.0,,,,,
2023-10-13 01:00:00,9.3,9.5,9.3,9.4,300,2820.0,,,,,
2023-10-16 01:00:00,9.3,9.3,8.81,8.81,300,2643.0,,,,,
2023-10-17 01:00:00,8.65,8.9,8.65,8.9,200,1780.0,,,,,
2023-10-18 01:00:00,8.9,8.9,8.9,8.9,0,0.0,,,,,
2023-10-19 01:00:00,8.28,9.3,8.28,9.3,300,2790.0,,,,,
2023-10-20 01:00:00,9.9,9.9,9.88,9.9,7800,77220.0,,,,,
2023-10-23 01:00:00,10.2,10.2,9.3,9.3,1400,13020.000000000002,,,,,
2023-10-24 01:00:00,8.65,9.7,8.65,9.7,200,1940.0,,,,,
2023-10-25 01:00:00,9.05,9.05,9.05,9.05,100,905.0,,,,,
2023-10-26 01:00:00,8.5,8.51,8.5,8.5,1900,16150.0,,,,,
2023-10-27 01:00:00,8.11,9.0,8.11,9.0,400,3600.0,,,,,
2023-10-30 00:00:00,9.0,9.0,9.0,9.0,0,0.0,,,,,
2023-10-31 00:00:00,8.5,8.5,8.5,8.5,100,850.0,,,,,
2023-11-01 00:00:00,8.01,8.1,8.01,8.1,200,1620.0,,,,,
2023-11-02 00:00:00,8.1,8.1,8.1,8.1,0,0.0,,,,,
2023-11-03 00:00:00,7.6,7.6,7.6,7.6,600,4560.0,,,,,
2023-11-06 00:00:00,8.05,8.05,8.05,8.05,400,3220.0000000000005,,,,,
2023-11-07 00:00:00,8.05,8.05,8.05,8.05,0,0.0,,,,,
2023-11-08 00:00:00,8.05,8.05,8.05,8.05,600,4830.0,,,,,
2023-11-09 00:00:00,7.65,8.5,7.5,8.5,1900,16150.0,,,,,
2023-11-10 00:00:00,8.9,8.9,8.9,8.9,100,890.0,,,,,
2023-11-13 00:00:00,9.3,9.3,9.3,9.3,100,930.0,,,,,
2023-11-14 00:00:00,8.65,9.3,8.65,9.3,2300,21390.0,,,,,
2023-11-15 00:00:00,9.9,9.9,9.85,9.9,1100,10890.0,,,,,
2023-11-16 00:00:00,9.21,9.21,9.21,9.21,100,921.0,,,,,
2023-11-17 00:00:00,9.21,9.21,8.57,9.0,1100,9900.0,,,,,
2023-11-20 00:00:00,8.38,8.38,8.38,8.38,100,838.0000000000001,,,,,
2023-11-21 00:00:00,8.38,8.38,8.38,8.38,0,0.0,,,,,
2023-11-22 00:00:00,7.9,8.9,7.8,8.9,1500,13350.0,,,,,
2023-11-23 00:00:00,8.9,8.9,8.9,8.9,0,0.0,,,,,
2023-11-24 00:00:00,8.9,8.9,8.9,8.9,0,0.0,,,,,
2023-11-27 00:00:00,8.9,8.9,8.9,8.9,100,890.0,,,,,
2023-11-28 00:00:00,8.28,8.9,8.28,8.9,300,2670.0,,,,,
2023-11-29 00:00:00,8.9,8.9,8.9,8.9,0,0.0,,,,,
2023-11-30 00:00:00,8.9,8.9,8.9,8.9,0,0.0,,,,,
2023-12-01 00:00:00,9.13,9.13,9.13,9.13,100,913.0,,,,,
2023-12-04 00:00:00,8.5,9.3,8.5,9.3,200,1860.0,,,,,
2023-12-05 00:00:00,9.3,9.3,9.3,9.3,0,0.0,,,,,
2023-12-06 00:00:00,9.3,9.3,9.2,9.2,200,1840.0,,,,,
2023-12-07 00:00:00,9.2,9.2,9.2,9.2,0,0.0,,,,,
2023-12-08 00:00:00,9.2,9.2,9.2,9.2,0,0.0,,,,,
2023-12-11 00:00:00,9.2,9.2,9.2,9.2,0,0.0,,,,,
2023-12-12 00:00:00,9.2,9.2,9.2,9.2,0,0.0,,,,,
2023-12-13 00:00:00,9.2,9.2,9.2,9.2,0,0.0,,,,,
2023-12-14 00:00:00,9.2,9.2,9.2,9.2,100,920.0,,,,,
2023-12-15 00:00:00,9.2,9.2,9.2,9.2,0,0.0,,,,,
2023-12-18 00:00:00,9.2,9.2,9.2,9.2,0,0.0,,,,,
2023-12-19 00:00:00,9.2,9.2,9.2,9.2,0,0.0,,,,,
2023-12-20 00:00:00,9.2,9.2,9.2,9.2,100,920.0,,,,,
2023-12-21 00:00:00,9.2,9.2,9.2,9.2,0,0.0,,,,,
2023-12-22 00:00:00,9.1,9.1,9.0,9.0,900,8100.0,,,,,
2023-12-25 00:00:00,9.0,9.0,9.0,9.0,0,0.0,,,,,
2023-12-26 00:00:00,9.0,9.0,8.9,8.9,300,2670.0,,,,,
2023-12-27 00:00:00,8.9,8.9,8.9,8.9,0,0.0,,,,,
2023-12-28 00:00:00,8.3,8.3,8.3,8.3,100,830.0000000000001,,,,,
2023-12-29 00:00:00,8.3,8.3,8.3,8.3,0,0.0,,,,,
2024-01-02 00:00:00,7.86,8.5,7.86,8.5,200,1700.0,,,,,
2024-01-03 00:00:00,7.95,8.9,7.91,8.9,1700,15130.0,,,,,
2024-01-04 00:00:00,8.9,8.9,8.9,8.9,0,0.0,,,,,
2024-01-05 00:00:00,8.3,8.93,8.29,8.29,600,4973.999999999999,,,,,
2024-01-08 00:00:00,8.09,8.54,8.09,8.54,500,4270.0,,,,,
2024-01-09 00:00:00,8.54,8.54,8.54,8.54,100,853.9999999999999,,,,,
2024-01-10 00:00:00,8.62,9.13,8.62,9.13,6900,62997.00000000001,,,,,
2024-01-11 00:00:00,9.76,9.76,8.53,9.5,5400,51300.0,,,,,
2024-01-12 00:00:00,10.0,10.1,8.85,10.0,2200,22000.0,,,,,
2024-01-15 00:00:00,9.3,10.0,9.3,10.0,2500,25000.0,,,,,
2024-01-16 00:00:00,9.3,9.5,9.3,9.5,200,1900.0,,,,,
2024-01-17 00:00:00,9.5,9.5,9.5,9.5,0,0.0,,,,,
2024-01-18 00:00:00,9.11,9.11,9.11,9.11,500,4555.0,,,,,
2024-01-19 00:00:00,8.48,9.0,8.48,8.48,4400,37312.0,,,,,
2024-01-22 00:00:00,7.89,8.8,7.89,8.8,1400,12320.000000000002,,,,,
2024-01-23 00:00:00,8.8,8.8,8.8,8.8,0,0.0,,,,,
2024-01-24 00:00:00,8.2,8.2,8.2,8.2,100,819.9999999999999,,,,,
2024-01-25 00:00:00,8.2,8.2,8.2,8.2,0,0.0,,,,,
2024-01-26 00:00:00,7.65,8.2,7.65,8.2,3900,31980.0,,,,,
2024-01-29 00:00:00,8.19,8.19,8.19,8.19,100,819.0,,,,,
2024-01-30 00:00:00,8.19,8.19,8.19,8.19,0,0.0,,,,,
2024-01-31 00:00:00,8.19,8.19,8.19,8.19,0,0.0,,,,,
2024-02-01 00:00:00,7.7,8.6,7.7,8.6,500,4300.0,,,,,
2024-02-02 00:00:00,8.6,8.6,8.6,8.6,0,0.0,,,,,
2024-02-05 00:00:00,8.6,8.6,8.6,8.6,3000,25800.0,,,,,
2024-02-06 00:00:00,8.6,8.6,8.6,8.6,0,0.0,,,,,
2024-02-07 00:00:00,9.0,9.0,9.0,9.0,100,900.0,,,,,
2024-02-15 00:00:00,9.0,9.0,9.0,9.0,0,0.0,,,,,
2024-02-16 00:00:00,8.38,8.9,8.37,8.9,3700,32930.0,,,,,
2024-02-19 00:00:00,8.9,8.9,8.9,8.9,0,0.0,,,,,
2024-02-20 00:00:00,8.4,8.4,8.4,8.4,900,7560.0,,,,,
2024-02-21 00:00:00,8.4,8.4,8.4,8.4,0,0.0,,,,,
2024-02-22 00:00:00,8.4,8.4,8.4,8.4,600,5040.0,,,,,
2024-02-23 00:00:00,8.4,8.4,8.4,8.4,0,0.0,,,,,
2024-02-26 00:00:00,8.4,8.4,8.4,8.4,0,0.0,,,,,
2024-02-27 00:00:00,8.4,8.4,8.4,8.4,0,0.0,,,,,
2024-02-28 00:00:00,8.4,8.4,8.4,8.4,100,840.0,,,,,
2024-02-29 00:00:00,8.4,8.4,8.4,8.4,0,0.0,,,,,
2024-03-01 00:00:00,8.4,8.4,8.4,8.4,1000,8400.0,,,,,
2024-03-04 00:00:00,7.87,8.1,7.87,8.1,2100,17010.0,,,,,
2024-03-05 00:00:00,8.01,8.39,8.0,8.38,1000,8380.0,,,,,
2024-03-06 00:00:00,8.05,8.3,8.05,8.3,200,1660.0000000000002,,,,,
2024-03-07 00:00:00,8.7,8.7,8.69,8.69,200,1738.0,,,,,
2024-03-08 00:00:00,8.69,8.69,8.69,8.69,0,0.0,,,,,
2024-03-11 00:00:00,8.1,8.9,8.1,8.9,2800,24920.0,,,,,
2024-03-12 00:00:00,9.5,9.5,9.0,9.0,200,1800.0,,,,,
2024-03-13 00:00:00,9.0,9.0,9.0,9.0,0,0.0,,,,,
2024-03-14 00:00:00,9.0,9.0,9.0,9.0,0,0.0,,,,,
2024-03-15 00:00:00,9.0,9.0,9.0,9.0,0,0.0,,,,,
2024-03-18 00:00:00,8.41,8.41,8.37,8.4,1100,9240.0,,,,,
2024-03-19 00:00:00,8.4,8.4,8.4,8.4,0,0.0,,,,,
2024-03-20 00:00:00,8.9,8.9,8.7,8.7,200,1739.9999999999998,,,,,
2024-03-21 00:00:00,8.7,8.7,8.7,8.7,0,0.0,,,,,
2024-03-22 00:00:00,8.7,8.7,8.7,8.7,0,0.0,,,,,
2024-03-25 00:00:00,8.7,8.7,8.7,8.7,0,0.0,,,,,
2024-03-26 00:00:00,8.7,8.7,8.7,8.7,0,0.0,,,,,
2024-03-27 00:00:00,8.15,9.0,8.15,8.9,300,2670.0,,,,,
2024-03-28 00:00:00,8.9,8.9,8.9,8.9,0,0.0,,,,,
2024-03-29 00:00:00,8.3,9.0,8.3,9.0,200,1800.0,,,,,
2024-04-01 01:00:00,8.4,8.4,8.4,8.4,100,840.0,,,,,
2024-04-02 01:00:00,8.62,8.62,8.62,8.62,100,861.9999999999999,,,,,
2024-04-03 01:00:00,8.61,8.61,8.61,8.61,800,6888.0,,,,,
2024-04-04 01:00:00,8.61,8.61,8.61,8.61,0,0.0,,,,,
2024-04-05 01:00:00,8.61,8.61,8.61,8.61,0,0.0,,,,,
2024-04-08 01:00:00,8.1,9.15,8.01,9.15,1500,13725.0,,,,,
2024-04-09 01:00:00,9.15,9.15,9.15,9.15,0,0.0,,,,,
2024-04-10 01:00:00,9.15,9.15,9.15,9.15,0,0.0,,,,,
2024-04-11 01:00:00,8.51,8.99,8.51,8.99,300,2697.0,,,,,
2024-04-12 01:00:00,8.6,8.6,8.38,8.4,700,5880.0,,,,,
2024-04-15 01:00:00,8.4,8.4,8.4,8.4,0,0.0,,,,,
2024-04-16 01:00:00,8.4,8.4,8.4,8.4,0,0.0,,,,,
2024-04-17 01:00:00,8.4,8.4,8.4,8.4,0,0.0,,,,,
2024-04-19 01:00:00,7.85,8.0,7.85,8.0,200,1600.0,,,,,
2024-04-22 01:00:00,7.5,7.83,7.44,7.44,6400,47616.0,,,,,
2024-04-23 01:00:00,6.93,7.96,6.93,7.94,7900,62726.0,,,,,
2024-04-24 01:00:00,7.4,7.94,7.39,7.94,2100,16674.0,,,,,
2024-04-25 01:00:00,7.4,7.8,7.39,7.8,1900,14820.0,,,,,
2024-04-26 01:00:00,7.26,7.93,7.26,7.93,3800,30134.0,,,,,
2024-05-02 01:00:00,7.93,7.93,7.93,7.93,0,0.0,,,,,
2024-05-03 01:00:00,7.38,7.9,7.38,7.39,1100,8129.0,,,,,
2024-05-06 01:00:00,7.39,7.39,7.39,7.39,0,0.0,,,,,
2024-05-07 01:00:00,7.39,7.39,7.39,7.39,100,739.0,,,,,
2024-05-08 01:00:00,7.39,7.8,7.3,7.4,1000,7400.0,,,,,
2024-05-09 01:00:00,7.4,7.4,7.4,7.4,200,1480.0,,,,,
2024-05-10 01:00:00,7.4,7.4,7.4,7.4,0,0.0,,,,,
2024-05-13 01:00:00,7.4,7.4,7.4,7.4,0,0.0,,,,,
2024-05-14 01:00:00,7.1,7.13,7.1,7.13,200,1426.0,,,,,
2024-05-15 01:00:00,7.3,7.3,7.3,7.3,600,4380.0,,,,,
2024-05-16 01:00:00,7.3,7.3,7.3,7.3,100,730.0,,,,,
2024-05-17 01:00:00,7.3,7.7,7.3,7.7,1000,7700.0,,,,,
2024-05-20 01:00:00,7.7,8.1,7.7,8.1,400,3240.0,,,,,
2024-05-21 01:00:00,8.1,8.1,8.1,8.1,0,0.0,,,,,
2024-05-22 01:00:00,8.0,8.0,8.0,8.0,100,800.0,,,,,
2024-05-23 01:00:00,8.0,8.0,8.0,8.0,0,0.0,,,,,
2024-05-24 01:00:00,7.45,8.0,7.45,8.0,1000,8000.0,,,,,
2024-05-27 01:00:00,8.0,8.0,8.0,8.0,0,0.0,,,,,
2024-05-28 01:00:00,8.0,8.0,8.0,8.0,0,0.0,,,,,
2024-05-29 01:00:00,8.0,8.0,8.0,8.0,200,1600.0,,,,,
2024-05-30 01:00:00,7.5,8.0,7.5,8.0,14100,112800.0,,,,,
2024-05-31 01:00:00,8.0,8.5,7.71,8.3,800,6640.000000000001,,,,,
2024-06-03 01:00:00,8.3,8.3,8.3,8.3,0,0.0,,,,,
2024-06-04 01:00:00,8.3,8.3,8.3,8.3,0,0.0,,,,,
2024-06-05 01:00:00,7.75,7.75,7.75,7.75,500,3875.0,,,,,
2024-06-06 01:00:00,7.22,8.28,7.22,8.28,1400,11592.0,,,,,
2024-06-07 01:00:00,8.28,8.28,8.28,8.28,0,0.0,,,,,
2024-06-10 01:00:00,8.28,8.28,8.28,8.28,0,0.0,,,,,
2024-06-11 01:00:00,8.28,8.28,8.28,8.28,0,0.0,,,,,
2024-06-12 01:00:00,8.28,8.28,8.28,8.28,0,0.0,,,,,
2024-06-13 01:00:00,8.28,8.28,8.28,8.28,0,0.0,,,,,
2024-06-14 01:00:00,8.28,8.28,8.28,8.28,200,1655.9999999999998,,,,,
2024-06-17 01:00:00,7.72,8.0,7.72,7.72,1100,8492.0,,,,,
2024-06-18 01:00:00,7.72,7.72,7.72,7.72,0,0.0,,,,,
2024-06-19 01:00:00,7.72,7.72,7.72,7.72,0,0.0,,,,,
2024-06-20 01:00:00,7.72,7.72,7.72,7.72,400,3088.0,,,,,
2024-06-21 01:00:00,7.99,8.0,7.18,7.9,1400,11060.0,,,,,
2024-06-24 01:00:00,7.9,7.9,7.9,7.9,1300,10270.0,,,,,
2024-06-25 01:00:00,8.0,8.0,8.0,8.0,100,800.0,,,,,
2024-06-26 01:00:00,7.44,7.99,7.44,7.99,1800,14382.0,,,,,
2024-06-27 01:00:00,7.99,7.99,7.99,7.99,0,0.0,,,,,
2024-06-28 01:00:00,7.44,7.98,7.44,7.98,200,1596.0,,,,,
2024-07-01 01:00:00,7.45,7.45,7.44,7.44,700,5208.0,,,,,
2024-07-02 01:00:00,7.44,7.44,7.44,7.44,3800,28272.0,,,,,
2024-07-03 01:00:00,7.8,7.8,7.46,7.46,400,2984.0,,,,,
2024-07-04 01:00:00,7.95,7.95,7.95,7.95,100,795.0,,,,,
2024-07-05 01:00:00,7.99,7.99,7.8,7.9,3100,24490.0,,,,,
2024-07-08 01:00:00,7.9,7.9,7.9,7.9,0,0.0,,,,,
2024-07-09 01:00:00,7.4,7.4,7.4,7.4,200,1480.0,,,,,
2024-07-10 01:00:00,7.9,7.9,7.9,7.9,300,2370.0,,,,,
2024-07-11 01:00:00,8.0,8.0,8.0,8.0,600,4800.0,,,,,
2024-07-12 01:00:00,8.0,8.0,8.0,8.0,900,7200.0,,,,,
2024-07-15 01:00:00,8.0,8.0,8.0,8.0,2300,18400.0,,,,,
2024-07-16 01:00:00,8.0,8.0,8.0,8.0,0,0.0,,,,,
2024-07-17 01:00:00,7.98,7.98,7.98,7.98,100,798.0,,,,,
2024-07-18 01:00:00,7.98,7.98,7.98,7.98,0,0.0,,,,,
2024-07-19 01:00:00,7.98,7.98,7.98,7.98,0,0.0,,,,,
2024-07-22 01:00:00,7.98,7.98,7.98,7.98,0,0.0,,,,,
2024-07-23 01:00:00,7.98,7.98,7.98,7.98,0,0.0,,,,,
2024-07-24 01:00:00,7.98,7.98,7.98,7.98,0,0.0,,,,,
2024-07-25 01:00:00,7.98,7.98,7.98,7.98,0,0.0,,,,,
2024-07-26 01:00:00,7.98,7.98,7.98,7.98,0,0.0,,,,,
2024-07-29 01:00:00,7.43,8.4,7.43,7.6,600,4560.0,,,,,
2024-07-30 01:00:00,7.6,7.6,7.6,7.6,0,0.0,,,,,
2024-07-31 01:00:00,7.6,7.6,7.6,7.6,0,0.0,,,,,
2024-08-01 01:00:00,7.07,7.07,7.07,7.07,100,707.0,,,,,
2024-08-02 01:00:00,6.58,7.49,6.58,7.49,1100,8239.0,,,,,
2024-08-05 01:00:00,7.49,7.49,7.49,7.49,200,1498.0,,,,,
2024-08-06 01:00:00,7.98,7.98,7.98,7.98,100,798.0,,,,,
2024-08-07 01:00:00,8.46,8.46,8.46,8.46,100,846.0000000000001,,,,,
2024-08-08 01:00:00,7.87,7.9,7.87,7.9,1200,9480.0,,,,,
2024-08-09 01:00:00,7.8,7.8,7.8,7.8,100,780.0,,,,,
2024-08-12 01:00:00,7.8,7.8,7.8,7.8,0,0.0,,,,,
2024-08-13 01:00:00,7.8,7.8,7.8,7.8,0,0.0,,,,,
2024-08-14 01:00:00,7.8,7.8,7.8,7.8,0,0.0,,,,,
2024-08-15 01:00:00,7.8,7.8,7.8,7.8,0,0.0,,,,,
2024-08-16 01:00:00,7.7,8.2,7.7,8.2,300,2460.0,,,,,
2024-08-19 01:00:00,8.2,8.2,8.2,8.2,100,819.9999999999999,,,,,
2024-08-20 01:00:00,8.2,8.2,8.2,8.2,0,0.0,,,,,
2024-08-21 01:00:00,7.63,7.63,7.63,7.63,200,1526.0,,,,,
2024-08-22 01:00:00,7.1,8.14,7.1,7.9,500,3950.0,,,,,
2024-08-23 01:00:00,7.9,7.9,7.9,7.9,100,790.0,,,,,
2024-08-26 01:00:00,7.9,7.9,7.9,7.9,0,0.0,,,,,
2024-08-27 01:00:00,7.9,7.9,7.9,7.9,0,0.0,,,,,
2024-08-28 01:00:00,7.35,7.36,7.35,7.36,200,1472.0,,,,,
2024-08-29 01:00:00,6.86,6.86,6.86,6.86,100,686.0,,,,,
2024-08-30 01:00:00,6.86,7.34,6.86,6.86,1600,10976.0,,,,,
2024-09-04 01:00:00,6.39,7.09,6.39,7.09,200,1418.0,,,,,
2024-09-05 01:00:00,7.4,7.4,7.4,7.4,100,740.0,,,,,
2024-09-06 01:00:00,7.4,7.4,7.4,7.4,0,0.0,,,,,
2024-09-09 01:00:00,6.89,7.3,6.89,7.0,900,6300.0,,,,,
2024-09-10 01:00:00,7.0,7.0,7.0,7.0,0,0.0,,,,,
2024-09-11 01:00:00,6.52,6.52,6.52,6.52,100,652.0,,,,,
2024-09-12 01:00:00,6.09,6.89,6.09,6.89,200,1378.0,,,,,
2024-09-13 01:00:00,6.89,6.89,6.89,6.89,0,0.0,,,,,
2024-09-16 01:00:00,6.41,6.88,6.41,6.88,800,5504.0,,,,,
2024-09-17 01:00:00,7.3,7.3,7.3,7.3,100,730.0,,,,,
2024-09-18 01:00:00,7.79,7.79,7.2,7.2,300,2160.0,,,,,
2024-09-19 01:00:00,6.8,7.6,6.7,7.6,700,5320.0,,,,,
2024-09-20 01:00:00,7.71,7.71,7.08,7.08,400,2832.0,,,,,
2024-09-23 01:00:00,7.08,7.08,7.08,7.08,0,0.0,,,,,
2024-09-24 01:00:00,7.08,7.5,6.59,7.5,400,3000.0,,,,,
2024-09-25 01:00:00,7.5,7.5,7.5,7.5,200,1500.0,,,,,
2024-09-26 01:00:00,7.5,7.5,7.5,7.5,0,0.0,,,,,
2024-09-27 01:00:00,7.2,7.2,7.2,7.2,300,2160.0,,,,,
2024-09-30 01:00:00,7.2,7.2,7.2,7.2,0,0.0,,,,,
2024-10-01 01:00:00,6.7,7.68,6.7,7.68,200,1536.0,,,,,
2024-10-02 01:00:00,7.68,7.68,7.68,7.68,0,0.0,,,,,
2024-10-03 01:00:00,7.68,7.68,7.68,7.68,0,0.0,,,,,
2024-10-04 01:00:00,7.68,7.68,7.68,7.68,0,0.0,,,,,
2024-10-07 01:00:00,7.15,8.0,7.15,8.0,500,4000.0,,,,,
2024-10-08 01:00:00,8.0,8.0,8.0,8.0,0,0.0,,,,,
2024-10-09 01:00:00,8.0,8.0,8.0,8.0,0,0.0,,,,,
2024-10-10 01:00:00,8.0,8.0,8.0,8.0,0,0.0,,,,,
2024-10-11 01:00:00,8.0,8.0,8.0,8.0,0,0.0,,,,,
2024-10-14 01:00:00,8.0,8.0,8.0,8.0,0,0.0,,,,,
2024-10-15 01:00:00,8.0,8.0,8.0,8.0,0,0.0,,,,,
2024-10-16 01:00:00,8.0,8.0,8.0,8.0,0,0.0,,,,,
2024-10-17 01:00:00,8.0,8.0,8.0,8.0,0,0.0,,,,,
2024-10-18 01:00:00,8.5,8.5,8.4,8.4,200,1680.0,,,,,
2024-10-21 01:00:00,8.4,8.4,8.4,8.4,0,0.0,,,,,
2024-10-22 01:00:00,8.4,8.4,8.4,8.4,0,0.0,,,,,
2024-10-23 01:00:00,8.4,8.4,8.4,8.4,0,0.0,,,,,
2024-10-24 01:00:00,8.4,8.4,8.4,8.4,0,0.0,,,,,
2024-10-25 01:00:00,8.4,8.5,8.4,8.5,1300,11050.0,,,,,
2024-10-28 00:00:00,8.5,8.5,8.5,8.5,0,0.0,,,,,
2024-10-29 00:00:00,7.91,8.5,7.91,8.5,200,1700.0,,,,,
2024-10-30 00:00:00,8.0,8.0,8.0,8.0,1000,8000.0,,,,,
2024-10-31 00:00:00,8.0,8.0,8.0,8.0,0,0.0,,,,,
2024-11-01 00:00:00,7.44,8.0,7.44,8.0,800,6400.0,,,,,
2024-11-04 00:00:00,8.0,8.0,8.0,8.0,0,0.0,,,,,
2024-11-05 00:00:00,8.0,8.0,8.0,8.0,0,0.0,,,,,
2024-11-06 00:00:00,7.9,8.5,7.9,8.4,400,3360.0,,,,,
2024-11-07 00:00:00,8.4,8.4,8.4,8.4,0,0.0,,,,,
2024-11-08 00:00:00,8.4,8.4,8.4,8.4,0,0.0,,,,,
2024-11-11 00:00:00,8.4,8.4,8.4,8.4,0,0.0,,,,,
2024-11-12 00:00:00,8.4,8.4,8.4,8.4,0,0.0,,,,,
2024-11-13 00:00:00,8.4,8.4,8.4,8.4,0,0.0,,,,,
2024-11-14 00:00:00,8.4,8.4,8.4,8.4,0,0.0,,,,,
2024-11-15 00:00:00,8.4,8.4,8.4,8.4,0,0.0,,,,,
2024-11-18 00:00:00,8.4,8.4,8.4,8.4,0,0.0,,,,,
2024-11-19 00:00:00,7.82,8.3,7.82,8.3,300,2490.0,,,,,
2024-11-20 00:00:00,8.3,8.3,8.3,8.3,0,0.0,,,,,
2024-11-21 00:00:00,7.72,8.3,7.72,8.2,2500,20500.0,,,,,
2024-11-22 00:00:00,8.2,8.2,8.2,8.2,0,0.0,,,,,
2024-11-25 00:00:00,8.2,8.2,8.2,8.2,0,0.0,,,,,
2024-11-26 00:00:00,8.2,8.2,8.2,8.2,0,0.0,,,,,
2024-11-27 00:00:00,8.2,8.2,8.2,8.2,0,0.0,,,,,
2024-11-28 00:00:00,8.2,8.2,8.2,8.2,0,0.0,,,,,
2024-11-29 00:00:00,8.2,8.2,8.2,8.2,0,0.0,,,,,
2024-12-02 00:00:00,8.2,8.2,8.2,8.2,0,0.0,,,,,
2024-12-03 00:00:00,8.2,8.2,8.2,8.2,0,0.0,,,,,
2024-12-04 00:00:00,8.2,8.2,8.2,8.2,0,0.0,,,,,
2024-12-05 00:00:00,7.63,8.7,7.63,8.7,600,5220.0,,,,,
2024-12-06 00:00:00,8.9,9.0,8.79,8.79,2100,18459.0,,,,,
2024-12-09 00:00:00,8.79,8.79,8.79,8.79,2200,19338.0,,,,,
2024-12-10 00:00:00,8.79,8.79,8.79,8.79,0,0.0,,,,,
2024-12-11 00:00:00,8.18,8.18,8.18,8.18,700,5726.0,,,,,
2024-12-12 00:00:00,7.7,7.7,7.7,7.7,1400,10780.0,,,,,
2024-12-13 00:00:00,7.7,7.7,7.7,7.7,0,0.0,,,,,
2024-12-16 00:00:00,7.7,7.7,7.7,7.7,0,0.0,,,,,
2024-12-17 00:00:00,7.7,8.21,7.17,8.21,2400,19704.000000000004,,,,,
2024-12-18 00:00:00,8.21,8.21,8.21,8.21,100,821.0000000000001,,,,,
2024-12-19 00:00:00,8.21,8.21,8.21,8.21,0,0.0,,,,,
2024-12-20 00:00:00,8.21,8.21,8.21,8.21,0,0.0,,,,,
2024-12-23 00:00:00,7.64,8.21,7.64,8.21,200,1642.0000000000002,,,,,
2024-12-24 00:00:00,8.21,8.21,8.21,8.21,0,0.0,,,,,
2024-12-25 00:00:00,8.21,8.21,8.21,8.21,0,0.0,,,,,
2024-12-26 00:00:00,8.21,8.21,8.21,8.21,0,0.0,,,,,
2024-12-27 00:00:00,8.21,8.21,8.21,8.21,0,0.0,,,,,
2024-12-30 00:00:00,8.21,8.21,8.21,8.21,0,0.0,,,,,
2024-12-31 00:00:00,8.21,8.21,8.21,8.21,0,0.0,,,,,
2025-01-02 00:00:00,8.21,8.21,8.21,8.21,0,0.0,,,,,
2025-01-03 00:00:00,8.21,8.21,8.21,8.21,0,0.0,,,,,
2025-01-06 00:00:00,8.21,8.21,8.21,8.21,0,0.0,,,,,
2025-01-07 00:00:00,8.21,8.21,8.21,8.21,0,0.0,,,,,
2025-01-08 00:00:00,8.21,8.21,8.21,8.21,0,0.0,,,,,
2025-01-09 00:00:00,8.2,8.2,8.2,8.2,100,819.9999999999999,,,,,
2025-01-10 00:00:00,8.2,8.2,8.2,8.2,0,0.0,,,,,
2025-01-13 00:00:00,8.2,8.2,8.2,8.2,100,819.9999999999999,,,,,
2025-01-14 00:00:00,8.2,8.2,8.2,8.2,0,0.0,,,,,
2025-01-15 00:00:00,8.2,8.2,8.2,8.2,0,0.0,,,,,
2025-01-16 00:00:00,8.0,8.0,8.0,8.0,100,800.0,,,,,
2025-01-17 00:00:00,7.46,7.46,7.46,7.46,100,746.0,,,,,
2025-01-20 00:00:00,7.98,7.98,7.91,7.91,200,1582.0,,,,,
2025-01-21 00:00:00,8.4,8.4,8.4,8.4,100,840.0,,,,,
2025-01-22 00:00:00,8.4,8.4,8.4,8.4,0,0.0,,,,,
2025-01-23 00:00:00,8.4,8.4,8.4,8.4,0,0.0,,,,,
2025-01-24 00:00:00,8.4,8.4,8.4,8.4,0,0.0,,,,,
2025-02-03 00:00:00,7.82,8.38,7.82,8.38,300,2514.0000000000005,,,,,
2025-02-04 00:00:00,8.38,8.38,8.38,8.38,0,0.0,,,,,
2025-02-05 00:00:00,8.38,8.38,8.38,8.38,0,0.0,,,,,
2025-02-06 00:00:00,8.38,8.38,8.38,8.38,0,0.0,,,,,
2025-02-07 00:00:00,8.38,8.38,8.38,8.38,0,0.0,,,,,
2025-02-10 00:00:00,8.38,8.38,8.38,8.38,0,0.0,,,,,
2025-02-11 00:00:00,8.38,8.38,8.38,8.38,0,0.0,,,,,
2025-02-12 00:00:00,8.38,8.38,8.38,8.38,0,0.0,,,,,
2025-02-13 00:00:00,8.38,8.38,8.38,8.38,0,0.0,,,,,
2025-02-14 00:00:00,8.38,8.38,8.38,8.38,0,0.0,,,,,
2025-02-17 00:00:00,8.38,8.38,8.38,8.38,0,0.0,,,,,
2025-02-18 00:00:00,8.38,8.38,8.38,8.38,0,0.0,,,,,
2025-02-19 00:00:00,8.38,8.38,8.38,8.38,100,838.0000000000001,,,,,
2025-02-20 00:00:00,8.1,8.1,8.1,8.1,900,7290.0,,,,,
2025-02-21 00:00:00,7.54,8.1,7.54,8.1,200,1620.0,,,,,
2025-02-24 00:00:00,7.54,8.1,7.54,8.1,200,1620.0,,,,,
2025-02-25 00:00:00,8.1,8.1,8.1,8.1,800,6480.0,,,,,
2025-02-26 00:00:00,8.1,8.1,8.1,8.1,0,0.0,,,,,
2025-02-27 00:00:00,8.1,8.5,8.1,8.5,300,2550.0,,,,,
2025-02-28 00:00:00,8.5,8.5,8.5,8.5,0,0.0,,,,,
2025-03-03 00:00:00,8.5,8.5,8.5,8.5,0,0.0,,,,,
2025-03-04 00:00:00,8.5,8.5,8.5,8.5,0,0.0,,,,,
2025-03-05 00:00:00,8.5,8.5,8.5,8.5,0,0.0,,,,,
2025-03-06 00:00:00,8.5,8.5,8.5,8.5,0,0.0,,,,,
2025-03-07 00:00:00,8.5,8.5,8.5,8.5,0,0.0,,,,,
2025-03-10 00:00:00,7.91,7.91,7.91,7.91,100,791.0,,,,,
2025-03-11 00:00:00,7.91,7.91,7.91,7.91,0,0.0,,,,,
2025-03-12 00:00:00,7.91,7.91,7.91,7.91,0,0.0,,,,,
2025-03-13 00:00:00,7.91,7.91,7.91,7.91,0,0.0,,,,,
2025-03-14 00:00:00,7.91,7.91,7.91,7.91,0,0.0,,,,,
2025-03-17 00:00:00,7.91,7.91,7.91,7.91,0,0.0,,,,,
2025-03-18 00:00:00,7.91,7.91,7.91,7.91,0,0.0,,,,,
2025-03-19 00:00:00,7.9,8.35,7.9,8.35,600,5010.0,,,,,
2025-03-20 00:00:00,8.35,8.35,8.35,8.35,0,0.0,,,,,
2025-03-21 00:00:00,8.35,8.35,8.35,8.35,0,0.0,,,,,
2025-03-24 00:00:00,8.35,8.35,8.35,8.35,0,0.0,,,,,
2025-03-25 00:00:00,8.35,8.35,8.35,8.35,0,0.0,,,,,
2025-03-26 00:00:00,8.35,8.35,8.35,8.35,0,0.0,,,,,
2025-03-27 00:00:00,8.35,8.35,8.35,8.35,0,0.0,,,,,
2025-03-28 00:00:00,8.35,8.35,8.35,8.35,0,0.0,,,,,
2025-03-31 01:00:00,8.35,8.35,8.35,8.35,0,0.0,,,,,
2025-04-01 01:00:00,7.77,7.77,7.77,7.77,200,1554.0,,,,,
2025-04-02 01:00:00,7.77,8.3,7.77,8.3,400,3320.0000000000005,,,,,
2025-04-03 01:00:00,8.3,8.3,8.3,8.3,0,0.0,,,,,
2025-04-04 01:00:00,8.3,8.3,8.3,8.3,0,0.0,,,,,
2025-04-08 01:00:00,8.25,8.25,8.25,8.25,100,825.0,,,,,
2025-04-09 01:00:00,8.24,8.24,8.24,8.24,100,824.0,,,,,
2025-04-10 01:00:00,8.23,8.8,8.23,8.8,4700,41360.0,,,,,
2025-04-11 01:00:00,8.8,8.8,8.8,8.8,0,0.0,,,,,
2025-04-14 01:00:00,8.8,8.8,8.8,8.8,0,0.0,,,,,
2025-04-15 01:00:00,8.8,8.8,8.8,8.8,0,0.0,,,,,
2025-04-16 01:00:00,8.8,8.8,8.8,8.8,0,0.0,,,,,
2025-04-17 01:00:00,8.8,8.8,8.8,8.8,0,0.0,,,,,
2025-04-18 01:00:00,8.8,8.8,8.8,8.8,0,0.0,,,,,
2025-04-21 01:00:00,8.8,8.8,8.8,8.8,0,0.0,,,,,
2025-04-22 01:00:00,8.19,8.19,8.19,8.19,500,4095.0,,,,,
2025-04-23 01:00:00,8.3,8.3,8.3,8.3,500,4150.0,,,,,
2025-04-24 01:00:00,8.3,8.3,8.3,8.3,0,0.0,,,,,
2025-04-25 01:00:00,8.3,8.3,8.3,8.3,0,0.0,,,,,
2025-04-28 01:00:00,8.3,8.3,8.3,8.3,200,1660.0000000000002,,,,,
2025-04-29 01:00:00,7.72,7.72,7.72,7.72,100,772.0,,,,,
2025-05-05 01:00:00,7.2,8.19,7.19,8.19,1500,12285.0,,,,,
2025-05-06 01:00:00,8.19,8.19,8.19,8.19,0,0.0,,,,,
2025-05-07 01:00:00,8.19,8.19,8.19,8.19,0,0.0,,,,,
2025-05-08 01:00:00,7.64,7.64,7.63,7.63,1100,8393.0,,,,,
2025-05-09 01:00:00,7.63,7.63,7.63,7.63,200,1526.0,,,,,
2025-05-12 01:00:00,7.63,7.63,7.63,7.63,0,0.0,,,,,
2025-05-13 01:00:00,7.1,8.15,7.1,7.6,1400,10640.0,,,,,
2025-05-14 01:00:00,7.2,7.2,7.2,7.2,200,1440.0,,,,,
2025-05-15 01:00:00,7.2,7.2,7.2,7.2,0,0.0,,,,,
2025-05-16 01:00:00,7.2,7.2,7.2,7.2,0,0.0,,,,,
2025-05-19 01:00:00,7.2,7.2,7.2,7.2,0,0.0,,,,,
2025-05-20 01:00:00,7.2,7.2,7.2,7.2,0,0.0,,,,,
2025-05-21 01:00:00,7.2,7.2,7.2,7.2,0,0.0,,,,,
2025-05-22 01:00:00,7.2,7.2,7.2,7.2,0,0.0,,,,,
2025-05-23 01:00:00,7.2,7.2,7.2,7.2,0,0.0,,,,,
2025-05-26 01:00:00,7.2,7.2,7.2,7.2,0,0.0,,,,,
2025-05-27 01:00:00,7.2,7.6,7.0,7.6,600,4560.0,,,,,
2025-05-28 01:00:00,7.6,8.09,7.6,8.09,1000,8090.0,,,,,
2025-05-29 01:00:00,8.5,8.65,7.6,8.6,9200,79120.0,,,,,
2025-05-30 01:00:00,8.6,9.2,8.5,9.1,4900,44590.0,,,,,
2025-06-02 01:00:00,9.15,9.73,9.1,9.1,7700,70070.0,,,,,
2025-06-03 01:00:00,8.48,9.73,8.48,9.73,3100,30163.0,,,,,
2025-06-04 01:00:00,9.05,9.73,9.05,9.73,200,1946.0,,,,,
2025-06-05 01:00:00,9.73,9.73,9.73,9.73,0,0.0,,,,,
2025-06-06 01:00:00,9.73,9.73,9.73,9.73,0,0.0,,,,,
2025-06-09 01:00:00,9.73,9.73,9.73,9.73,0,0.0,,,,,
2025-06-10 01:00:00,9.73,9.73,9.73,9.73,0,0.0,,,,,
2025-06-11 01:00:00,9.73,9.73,9.73,9.73,0,0.0,,,,,
2025-06-12 01:00:00,9.73,9.73,9.73,9.73,0,0.0,,,,,
2025-06-13 01:00:00,9.05,9.05,9.05,9.05,200,1810.0,,,,,
2025-06-16 01:00:00,9.05,9.05,9.05,9.05,0,0.0,,,,,
2025-06-17 01:00:00,9.05,9.05,9.05,9.05,0,0.0,,,,,
2025-06-18 01:00:00,9.05,9.05,9.05,9.05,0,0.0,,,,,
2025-06-19 01:00:00,9.05,9.05,9.05,9.05,0,0.0,,,,,
2025-06-20 01:00:00,9.05,9.05,9.05,9.05,0,0.0,,,,,
2025-06-23 01:00:00,8.42,8.42,8.42,8.42,2300,19366.0,,,,,
2025-06-24 01:00:00,7.84,9.0,7.84,8.6,11600,99760.0,,,,,
2025-06-25 01:00:00,8.6,8.6,8.6,8.6,200,1720.0,,,,,
2025-06-26 01:00:00,8.0,8.5,8.0,8.0,2605,20840.0,,,,,
2025-06-27 01:00:00,8.52,8.52,7.45,8.44,6000,50640.0,,,,,
2025-06-30 01:00:00,8.44,8.44,8.44,8.44,0,0.0,,,,,
2025-07-01 01:00:00,7.85,7.86,7.85,7.86,200,1572.0,,,,,
2025-07-02 01:00:00,7.84,7.84,7.65,7.71,1900,14649.0,,,,,
2025-07-03 01:00:00,7.7,7.7,7.7,7.7,1000,7700.0,,,,,
2025-07-04 01:00:00,7.7,7.7,7.7,7.7,200,1540.0,,,,,
2025-07-07 01:00:00,7.46,7.46,7.46,7.46,1200,8952.0,,,,,
2025-07-08 01:00:00,7.75,7.75,7.75,7.75,400,3100.0,,,,,
2025-07-09 01:00:00,7.51,7.51,7.51,7.51,100,751.0,,,,,
2025-07-10 01:00:00,7.51,7.51,7.51,7.51,0,0.0,,,,,
2025-07-11 01:00:00,8.0,8.0,8.0,8.0,1000,8000.0,,,,,
2025-07-14 01:00:00,7.6,7.6,7.6,7.6,200,1520.0,,,,,
2025-07-15 01:00:00,7.6,7.6,7.6,7.6,0,0.0,,,,,
2025-07-16 01:00:00,7.6,7.6,7.6,7.6,400,3040.0,,,,,
2025-07-17 01:00:00,7.8,7.8,7.8,7.8,1000,7800.0,,,,,
2025-07-18 01:00:00,7.8,7.8,7.8,7.8,0,0.0,,,,,
2025-07-21 01:00:00,7.8,7.8,7.8,7.8,0,0.0,,,,,
2025-07-22 01:00:00,7.3,7.3,7.3,7.3,200,1460.0,,,,,
2025-07-23 01:00:00,7.3,7.3,7.3,7.3,0,0.0,,,,,
2025-07-24 01:00:00,7.5,7.5,7.5,7.5,700,5250.0,,,,,
2025-07-25 01:00:00,7.5,7.5,7.5,7.5,0,0.0,,,,,
2025-07-28 01:00:00,7.5,7.5,7.5,7.5,300,2250.0,,,,,
2025-07-29 01:00:00,7.5,7.5,7.5,7.5,0,0.0,,,,,
2025-07-30 01:00:00,7.5,7.5,7.5,7.5,0,0.0,,,,,
2025-07-31 01:00:00,7.5,7.5,7.5,7.5,1600,12000.0,,,,,
2025-08-01 01:00:00,7.5,7.5,7.5,7.5,0,0.0,,,,,
2025-08-04 01:00:00,7.9,7.9,7.9,7.9,100,790.0,,,,,
2025-08-05 01:00:00,7.9,7.9,7.9,7.9,0,0.0,,,,,
2025-08-06 01:00:00,7.9,7.9,7.9,7.9,0,0.0,,,,,
2025-08-07 01:00:00,7.9,7.9,7.9,7.9,0,0.0,,,,,
2025-08-08 01:00:00,7.7,7.8,7.7,7.8,200,1560.0,,,,,
2025-08-11 01:00:00,7.8,7.8,7.8,7.8,200,1560.0,,,,,
2025-08-12 01:00:00,7.8,7.8,7.8,7.8,1000,7800.0,,,,,
2025-08-13 01:00:00,7.26,7.7,7.26,7.6,3200,24320.0,,,,,
2025-08-14 01:00:00,7.26,7.26,7.26,7.26,400,2904.0,,,,,
2025-08-15 01:00:00,7.26,7.26,7.26,7.26,0,0.0,,,,,
2025-08-18 01:00:00,7.68,7.68,7.68,7.68,100,768.0,,,,,
2025-08-19 01:00:00,7.68,7.68,7.68,7.68,0,0.0,,,,,
2025-08-20 01:00:00,7.68,7.68,7.68,7.68,100,768.0,,,,,
2025-08-21 01:00:00,7.68,7.68,7.68,7.68,0,0.0,,,,,
2025-08-22 01:00:00,7.68,7.68,7.68,7.68,0,0.0,,,,,
2025-08-25 01:00:00,7.68,7.68,7.68,7.68,0,0.0,,,,,
2025-08-26 01:00:00,7.68,7.68,7.68,7.68,0,0.0,,,,,
2025-08-27 01:00:00,7.68,7.68,7.68,7.68,0,0.0,,,,,
2025-08-28 01:00:00,7.68,7.68,7.59,7.59,200,1518.0,,,,,
2025-08-29 01:00:00,7.06,7.7,7.06,7.7,400,3080.0,,,,,
2025-09-03 01:00:00,7.7,7.7,7.7,7.7,0,0.0,,,,,
2025-09-04 01:00:00,7.7,7.7,7.7,7.7,0,0.0,,,,,
2025-09-05 01:00:00,7.64,7.64,7.62,7.62,800,6096.0,,,,,
2025-09-08 01:00:00,7.62,7.7,7.62,7.62,3900,29718.0,,,,,
2025-09-09 01:00:00,7.62,8.15,7.62,8.15,7400,60310.0,,,,,
2025-09-10 01:00:00,8.72,8.72,8.72,8.72,4800,41856.0,,,,,
2025-09-11 01:00:00,9.0,9.33,9.0,9.33,13600,126888.0,,,,,
2025-09-12 01:00:00,9.98,9.98,9.9,9.98,12900,128742.0,,,,,
2025-09-15 01:00:00,10.65,10.65,10.65,10.65,16400,174660.0,,,,,
2025-09-16 01:00:00,11.35,11.35,11.35,11.35,1400,15890.0,,,,,
2025-09-17 01:00:00,12.1,12.1,12.1,12.1,6600,79860.0,,,,,
2025-09-18 01:00:00,12.9,12.9,12.9,12.9,6200,79980.0,,,,,
2025-09-19 01:00:00,12.9,12.9,12.0,12.0,2500,30000.0,,,,,
2025-09-22 01:00:00,11.2,11.2,11.2,11.2,1000,11200.0,,,,,
2025-09-23 01:00:00,10.45,10.45,10.45,10.45,5300,55384.99999999999,,,,,
2025-09-24 01:00:00,9.72,9.72,9.72,9.72,300,2916.0,,,,,
2025-09-25 01:00:00,9.04,9.04,9.04,9.04,6400,57855.99999999999,,,,,
2025-09-26 01:00:00,8.46,9.67,8.45,9.67,5400,52218.0,,,,,
2025-09-29 01:00:00,9.0,9.01,9.0,9.0,2900,26100.0,,,,,
2025-09-30 01:00:00,8.37,9.63,8.37,9.3,3400,31620.000000000004,,,,,
2025-10-01 01:00:00,9.6,9.6,8.65,9.39,17500,164325.0,,,,,
2025-10-02 01:00:00,8.74,9.31,8.74,8.74,4800,41952.0,,,,,
2025-10-03 01:00:00,8.23,8.78,8.23,8.78,5700,50045.99999999999,,,,,
2025-10-06 01:00:00,9.32,9.32,8.7,8.97,1900,17043.0,,,,,
2025-10-07 01:00:00,8.65,8.89,8.64,8.89,3500,31115.000000000004,,,,,
2025-10-08 01:00:00,8.35,8.35,8.35,8.35,300,2505.0,,,,,
2025-10-09 00:00:00,8.69,8.69,8.61,8.61,600,5166.0,0.0,0.0,0.0,0.0,1337910.5
2025-10-10 00:00:00,8.78,8.78,8.01,8.65,1900,16435.0,0.0,0.0,0.0,0.0,1337910.5
2025-10-13 00:00:00,8.2,8.59,8.05,8.55,2600,22230.000000000004,0.0,0.0,0.0,0.0,1337910.5
2025-10-14 00:00:00,8.64,8.64,8.0,8.29,11800,97822.0,10.0,0.0,800.0,0.0,1337900.5
2025-10-15 00:00:00,7.82,8.18,7.76,8.15,4500,36675.0,0.0,0.0,0.0,0.0,1337900.5
2025-10-16 00:00:00,8.01,8.01,8.0,8.0,1000,8000.0,0.0,0.0,0.0,0.0,1337900.5
2025-10-17 00:00:00,8.19,8.19,7.97,7.97,600,4782.0,0.0,0.0,0.0,0.0,1337900.5
2025-10-20 00:00:00,,0.0,0.0,0.0,0,0.0,0.0,0.0,0.0,0.0,1337900.5
2025-10-21 00:00:00,,0.0,0.0,0.0,0,0.0,0.0,0.0,0.0,0.0,1337900.5
2025-10-22 00:00:00,7.6,7.95,7.6,7.79,2900,22591.0,0.0,0.0,0.0,0.0,1337900.5
2025-10-23 00:00:00,,0.0,0.0,0.0,0,0.0,0.0,0.0,0.0,0.0,1337900.5
2025-10-24 00:00:00,8.0,8.0,7.71,7.71,300,2313.0,0.0,0.0,0.0,0.0,1337900.5
2025-10-27 00:00:00,7.98,7.98,7.98,7.98,100,798.0,0.0,0.0,0.0,0.0,1337900.5
2025-10-28 00:00:00,7.44,8.0,7.44,7.79,2800,21812.0,0.0,0.0,0.0,0.0,1337900.5
2025-10-29 00:00:00,8.0,8.0,7.3,7.73,3400,26282.0,0.0,170.0,0.0,12423.0,1337900.5
2025-10-30 00:00:00,7.89,7.89,7.4,7.46,1300,9698.0,0.0,0.0,0.0,0.0,1337900.5
2025-10-31 00:00:00,7.4,7.4,7.39,7.39,400,2956.0,0.0,0.0,0.0,0.0,1337900.5
2025-11-03 00:00:00,7.78,7.78,7.06,7.06,900,6354.0,0.0,10.0,0.0,733.0,1338070.5
2025-11-04 00:00:00,7.3,7.48,7.04,7.29,8100,59049.0,0.0,0.0,0.0,0.0,1338070.5
2025-11-05 00:00:00,7.77,7.77,7.4,7.4,1400,10360.0,0.0,0.0,0.0,0.0,1338070.5
2025-11-06 00:00:00,7.88,7.88,7.01,7.79,8400,65436.0,0.0,0.0,0.0,0.0,1338080.5
2025-11-07 00:00:00,7.79,7.81,7.26,7.81,5300,41393.0,0.0,400.0,0.0,29167.0,1338080.5
2025-11-10 00:00:00,7.81,7.81,7.81,7.81,600,4686.0,0.0,0.0,0.0,0.0,1338080.5
2025-11-11 00:00:00,,0.0,0.0,0.0,0,0.0,0.0,0.0,0.0,0.0,0.0
2025-11-12 00:00:00,,0.0,0.0,0.0,0,0.0,0.0,0.0,0.0,0.0,1338480.5
2025-11-14 00:00:00,7.74,7.74,7.2,7.59,11100,84249.0,0.0,1040.0,0.0,74900.0,1338490.5
2025-11-17 00:00:00,7.1,7.78,7.07,7.78,30900,240402.0,0.0,2850.0,0.0,202043.0,1338490.5
2025-11-18 00:00:00,7.78,7.78,7.24,7.75,5500,42625.0,0.0,437.0,0.0,31685.75,1338490.5
2025-11-19 00:00:00,7.25,7.54,7.25,7.54,14100,106314.0,0.0,0.0,0.0,0.0,1339530.5
2025-11-20 00:00:00,7.1,7.12,7.09,7.12,1600,11392.0,0.0,0.0,0.0,0.0,1342380.5
2025-11-25 00:00:00,7.02,7.02,7.0,7.0,400,2800.0,0.0,0.0,0.0,0.0,1342818.0
2025-11-26 00:00:00,6.95,7.05,6.95,7.05,1900,13395.0,0.0,0.0,0.0,0.0,1342818.0
2025-11-27 00:00:00,7.05,7.05,6.83,7.03,5300,37259.0,0.0,0.0,0.0,0.0,1342818.0
2025-11-28 00:00:00,7.03,7.03,7.0,7.0,1300,9100.0,0.0,0.0,0.0,0.0,1342818.0
2025-12-01 00:00:00,6.55,6.99,6.51,6.99,5000,34950.0,0.0,0.0,0.0,0.0,1342818.0
2025-12-02 00:00:00,,0.0,0.0,0.0,0,0.0,0.0,0.0,0.0,0.0,1342818.0
2025-12-03 00:00:00,6.99,7.01,6.99,6.99,1800,12582.0,0.0,0.0,0.0,0.0,1342818.0
2025-12-04 00:00:00,6.55,7.09,6.55,7.09,1700,12053.0,0.0,0.0,0.0,0.0,1342818.0
2025-12-05 00:00:00,7.1,7.29,7.1,7.29,3700,26973.0,0.0,0.0,0.0,0.0,1342818.0
2025-12-08 00:00:00,,0.0,0.0,0.0,0,0.0,0.0,0.0,0.0,0.0,1342818.0
2025-12-10 00:00:00,,0.0,0.0,0.0,0,0.0,0.0,0.0,0.0,0.0,1342818.0
2025-12-11 00:00:00,6.71,7.09,6.65,7.09,10200,72318.0,0.0,0.0,0.0,0.0,1342818.0
2025-12-12 00:00:00,,0.0,0.0,0.0,0,0.0,0.0,0.0,0.0,0.0,1342818.0
2025-12-15 00:00:00,6.61,6.85,6.61,6.85,1400,9590.0,0.0,0.0,0.0,0.0,1342818.0
2025-12-23,,0.0,0.0,0.0,0,0.0,0.0,0.0,0.0,0.0,1342818.0
2025-12-24,6.77,6.77,6.77,6.77,200,1354.0,0.0,0.0,0.0,0.0,1342818.0
2025-12-25,6.5,6.5,6.5,6.5,600,3900.0,0.0,0.0,0.0,0.0,1342818.0
2025-12-26,,0.0,0.0,0.0,0,0.0,0.0,0.0,0.0,0.0,1342818.0
2025-12-29,6.89,6.95,6.88,6.95,8300,57685.0,20.0,0.0,1390.0,0.0,1342798.0
2025-12-30,7.42,7.42,7.21,7.4,5300,39220.0,0.0,0.0,0.0,0.0,1342798.0
2025-12-31,6.89,6.89,6.89,6.89,3600,24804.0,0.0,0.0,0.0,0.0,1342798.0
2026-01-01,6.89,6.89,6.89,6.89,3600,24804.0,0.0,0.0,0.0,0.0,1342798.0
2026-01-02,6.89,6.89,6.89,6.89,3600,24804.0,0,0,0.0,0.0,1342798.00
